     15099
6 6
   1   0   0   1   1   0.00000000
   2   0   1   1   1   1.00000000
   3   0   1   3   1   1.00000000
   4   1   0   1   1   2.00000000
   5   0   2   3   1   2.00000000
   6   0   2   5   1   2.00000000
   1   0   0   1   2   0.00000000
   2   0   1   1   2   1.00000000
   3   0   1   3   2   1.00000000
   4   1   0   1   2   2.00000000
   5   0   2   3   2   2.00000000
   6   0   2   5   2   2.00000000
0 0 0
2.000000e+00 2.000000e+00
2.000000e+00 2.000000e+00 2.000000e+00
6 6 6
32 32 110
  1   1   1   1   0   0 11   +3.0000000e+00
  1   1   1   4   0   0 11   -1.7320508e+00
  1   1   2   2   0   0 11   +1.0000000e+00
  1   1   3   3   0   0 11   +1.4142135e+00
  1   4   1   4   0   0 11   +5.0000000e+00
  1   4   2   2   0   0 11   -1.1547005e+00
  1   4   3   3   0   0 11   -1.6329932e+00
  2   2   2   2   0   0 11   +5.0000000e+00
  2   2   3   3   0   0 11   +0.0000000e+00
  3   3   3   3   0   0 11   +5.0000000e+00
  1   2   1   2   0   0 11   +5.0000000e+00
  1   4   1   4   2   2 11   +5.0000000e+00
  1   4   1   5   2   2 11   +0.0000000e+00
  1   4   2   3   2   2 11   +0.0000000e+00
  1   5   1   5   2   2 11   +5.0000000e+00
  1   5   2   3   2   2 11   +0.0000000e+00
  2   3   2   3   2   2 11   +5.0000000e+00
  1   2   1   2   2   2 11   +4.3333335e+00
  1   2   1   3   2   2 11   -9.4280905e-01
  1   3   1   3   2   2 11   +3.6666667e+00
  1   5   1   5   4   4 11   +5.0000000e+00
  1   5   1   6   4   4 11   +0.0000000e+00
  1   5   2   3   4   4 11   +1.0327955e+00
  1   5   3   3   4   4 11   -7.3029673e-01
  1   6   1   6   4   4 11   +5.0000000e+00
  1   6   2   3   4   4 11   +1.2649111e+00
  1   6   3   3   4   4 11   -8.9442718e-01
  2   3   2   3   4   4 11   +5.0000000e+00
  2   3   3   3   4   4 11   +0.0000000e+00
  3   3   3   3   4   4 11   +5.0000000e+00
  1   3   1   3   4   4 11   +5.0000000e+00
  1   6   1   6   6   6 11   +5.0000000e+00
  1   1   1   1   0   0 22   +3.0000000e+00
  1   1   1   4   0   0 22   -1.7320508e+00
  1   1   2   2   0   0 22   +1.0000000e+00
  1   1   3   3   0   0 22   +1.4142135e+00
  1   4   1   4   0   0 22   +5.0000000e+00
  1   4   2   2   0   0 22   -1.1547005e+00
  1   4   3   3   0   0 22   -1.6329932e+00
  2   2   2   2   0   0 22   +5.0000000e+00
  2   2   3   3   0   0 22   +0.0000000e+00
  3   3   3   3   0   0 22   +5.0000000e+00
  1   2   1   2   0   0 22   +5.0000000e+00
  1   4   1   4   2   2 22   +5.0000000e+00
  1   4   1   5   2   2 22   +0.0000000e+00
  1   4   2   3   2   2 22   +0.0000000e+00
  1   5   1   5   2   2 22   +5.0000000e+00
  1   5   2   3   2   2 22   +0.0000000e+00
  2   3   2   3   2   2 22   +5.0000000e+00
  1   2   1   2   2   2 22   +4.3333335e+00
  1   2   1   3   2   2 22   -9.4280905e-01
  1   3   1   3   2   2 22   +3.6666667e+00
  1   5   1   5   4   4 22   +5.0000000e+00
  1   5   1   6   4   4 22   +0.0000000e+00
  1   5   2   3   4   4 22   +1.0327955e+00
  1   5   3   3   4   4 22   -7.3029673e-01
  1   6   1   6   4   4 22   +5.0000000e+00
  1   6   2   3   4   4 22   +1.2649111e+00
  1   6   3   3   4   4 22   -8.9442718e-01
  2   3   2   3   4   4 22   +5.0000000e+00
  2   3   3   3   4   4 22   +0.0000000e+00
  3   3   3   3   4   4 22   +5.0000000e+00
  1   3   1   3   4   4 22   +5.0000000e+00
  1   6   1   6   6   6 22   +5.0000000e+00
  1   1   1   1   0   0 12   +3.0000000e+00
  1   1   1   4   0   0 12   -1.2247449e+00
  1   1   2   2   0   0 12   +1.0000000e+00
  1   1   3   3   0   0 12   +1.4142135e+00
  1   1   4   1   0   0 12   -1.2247449e+00
  1   4   1   4   0   0 12   +5.0000000e+00
  1   4   2   2   0   0 12   -8.1649661e-01
  1   4   3   3   0   0 12   -1.1547005e+00
  1   4   4   1   0   0 12   +0.0000000e+00
  2   2   2   2   0   0 12   +5.0000000e+00
  2   2   3   3   0   0 12   +0.0000000e+00
  2   2   4   1   0   0 12   -8.1649661e-01
  3   3   3   3   0   0 12   +5.0000000e+00
  3   3   4   1   0   0 12   -1.1547005e+00
  4   1   4   1   0   0 12   +5.0000000e+00
  1   2   1   2   0   0 12   +4.0000000e+00
  1   2   2   1   0   0 12   +1.0000000e+00
  2   1   2   1   0   0 12   +4.0000000e+00
  1   1   1   1   2   2 12   +3.0000000e+00
  1   1   1   4   2   2 12   -1.2247449e+00
  1   1   1   5   2   2 12   +0.0000000e+00
  1   1   2   2   2   2 12   -3.3333334e-01
  1   1   2   3   2   2 12   +9.4280905e-01
  1   1   3   2   2   2 12   -9.4280905e-01
  1   1   3   3   2   2 12   +1.0540925e+00
  1   1   4   1   2   2 12   -1.2247449e+00
  1   1   5   1   2   2 12   +0.0000000e+00
  1   4   1   4   2   2 12   +5.0000000e+00
  1   4   1   5   2   2 12   +0.0000000e+00
  1   4   2   2   2   2 12   +2.7216554e-01
  1   4   2   3   2   2 12   -7.6980036e-01
  1   4   3   2   2   2 12   +7.6980036e-01
  1   4   3   3   2   2 12   -8.6066294e-01
  1   4   4   1   2   2 12   +0.0000000e+00
  1   4   5   1   2   2 12   +0.0000000e+00
  1   5   1   5   2   2 12   +5.0000000e+00
  1   5   2   2   2   2 12   +1.2171613e+00
  1   5   2   3   2   2 12   +4.3033147e-01
  1   5   3   2   2   2 12   -4.3033147e-01
  1   5   3   3   2   2 12   -3.8490018e-01
  1   5   4   1   2   2 12   +0.0000000e+00
  1   5   5   1   2   2 12   +0.0000000e+00
  2   2   2   2   2   2 12   +5.0000000e+00
  2   2   2   3   2   2 12   +0.0000000e+00
  2   2   3   2   2   2 12   +0.0000000e+00
  2   2   3   3   2   2 12   +0.0000000e+00
  2   2   4   1   2   2 12   +2.7216554e-01
  2   2   5   1   2   2 12   -1.2171613e+00
  2   3   2   3   2   2 12   +5.0000000e+00
  2   3   3   2   2   2 12   +0.0000000e+00
  2   3   3   3   2   2 12   +0.0000000e+00
  2   3   4   1   2   2 12   -7.6980036e-01
  2   3   5   1   2   2 12   -4.3033147e-01
  3   2   3   2   2   2 12   +5.0000000e+00
  3   2   3   3   2   2 12   +0.0000000e+00
  3   2   4   1   2   2 12   +7.6980036e-01
  3   2   5   1   2   2 12   +4.3033147e-01
  3   3   3   3   2   2 12   +5.0000000e+00
  3   3   4   1   2   2 12   -8.6066294e-01
  3   3   5   1   2   2 12   +3.8490018e-01
  4   1   4   1   2   2 12   +5.0000000e+00
  4   1   5   1   2   2 12   +0.0000000e+00
  5   1   5   1   2   2 12   +5.0000000e+00
  1   2   1   2   2   2 12   +4.0000000e+00
  1   2   1   3   2   2 12   +0.0000000e+00
  1   2   2   1   2   2 12   -3.3333334e-01
  1   2   3   1   2   2 12   -9.4280905e-01
  1   3   1   3   2   2 12   +4.0000000e+00
  1   3   2   1   2   2 12   +9.4280905e-01
  1   3   3   1   2   2 12   -3.3333334e-01
  2   1   2   1   2   2 12   +4.0000000e+00
  2   1   3   1   2   2 12   +0.0000000e+00
  3   1   3   1   2   2 12   +4.0000000e+00
  1   5   1   5   4   4 12   +5.0000000e+00
  1   5   1   6   4   4 12   +0.0000000e+00
  1   5   2   3   4   4 12   -2.5819889e-01
  1   5   3   2   4   4 12   -1.2909944e+00
  1   5   3   3   4   4 12   -5.1639777e-01
  1   5   5   1   4   4 12   +0.0000000e+00
  1   5   6   1   4   4 12   +0.0000000e+00
  1   6   1   6   4   4 12   +5.0000000e+00
  1   6   2   3   4   4 12   +1.2649111e+00
  1   6   3   2   4   4 12   +0.0000000e+00
  1   6   3   3   4   4 12   -6.3245553e-01
  1   6   5   1   4   4 12   +0.0000000e+00
  1   6   6   1   4   4 12   +0.0000000e+00
  2   3   2   3   4   4 12   +5.0000000e+00
  2   3   3   2   4   4 12   +0.0000000e+00
  2   3   3   3   4   4 12   +0.0000000e+00
  2   3   5   1   4   4 12   -1.2909944e+00
  2   3   6   1   4   4 12   +0.0000000e+00
  3   2   3   2   4   4 12   +5.0000000e+00
  3   2   3   3   4   4 12   +0.0000000e+00
  3   2   5   1   4   4 12   -2.5819889e-01
  3   2   6   1   4   4 12   -1.2649111e+00
  3   3   3   3   4   4 12   +5.0000000e+00
  3   3   5   1   4   4 12   +5.1639777e-01
  3   3   6   1   4   4 12   -6.3245553e-01
  5   1   5   1   4   4 12   +5.0000000e+00
  5   1   6   1   4   4 12   +0.0000000e+00
  6   1   6   1   4   4 12   +5.0000000e+00
  1   3   1   3   4   4 12   +4.0000000e+00
  1   3   3   1   4   4 12   -1.0000000e+00
  3   1   3   1   4   4 12   +4.0000000e+00
  1   6   1   6   6   6 12   +5.0000000e+00
  1   6   3   3   6   6 12   -1.4142135e+00
  1   6   6   1   6   6 12   +0.0000000e+00
  3   3   3   3   6   6 12   +5.0000000e+00
  3   3   6   1   6   6 12   -1.4142135e+00
  6   1   6   1   6   6 12   +5.0000000e+00
