     15099
6 6
   1   0   0   1   1   0.00000000
   2   0   1   1   1   1.00000000
   3   0   1   3   1   1.00000000
   4   1   0   1   1   2.00000000
   5   0   2   3   1   2.00000000
   6   0   2   5   1   2.00000000
   1   0   0   1   2   0.00000000
   2   0   1   1   2   1.00000000
   3   0   1   3   2   1.00000000
   4   1   0   1   2   2.00000000
   5   0   2   3   2   2.00000000
   6   0   2   5   2   2.00000000
2 0 0
2.000000e+00 2.000000e+00
2.000000e+00 2.000000e+00 2.000000e+00
6 6 6
59 59 250
  1   1   1   5   0   4 11   +1.0925485e+00
  1   1   1   6   0   4 11   +1.3380930e+00
  1   1   2   3   0   4 11   +1.4104739e+00
  1   1   3   3   0   4 11   -9.9735570e-01
  1   4   1   5   0   4 11   -1.2615663e+00
  1   4   1   6   0   4 11   -1.5450968e+00
  1   4   2   3   0   4 11   -1.6286750e+00
  1   4   3   3   0   4 11   +1.1516472e+00
  2   2   1   5   0   4 11   +1.8209140e+00
  2   2   1   6   0   4 11   +6.2803697e-16
  2   2   2   3   0   4 11   +1.4104739e+00
  2   2   3   3   0   4 11   +6.6613381e-16
  3   3   1   5   0   4 11   +2.5751615e-01
  3   3   1   6   0   4 11   +1.8923494e+00
  3   3   2   3   0   4 11   +9.9735570e-01
  3   3   3   3   0   4 11   -1.4104739e+00
  1   2   1   3   0   4 11   +1.9947114e+00
  1   4   1   4   2   2 11   +1.3035092e-15
  1   4   1   5   2   2 11   +8.9206207e-01
  1   4   2   3   2   2 11   -1.3137820e-15
  1   5   1   5   2   2 11   -6.9814897e-01
  1   5   2   3   2   2 11   +1.1588227e+00
  2   3   2   3   2   2 11   -4.9867785e-01
  1   4   1   5   2   4 11   -8.9206207e-01
  1   4   1   6   2   4 11   +7.2836560e-01
  1   4   2   3   2   4 11   -1.1605381e-15
  1   4   3   3   2   4 11   -1.6412486e-15
  1   5   1   5   2   4 11   -6.9814897e-01
  1   5   1   6   2   4 11   +5.7003629e-01
  1   5   2   3   2   4 11   -3.8627419e-01
  1   5   3   3   2   4 11   -5.4627424e-01
  2   3   1   5   2   4 11   -3.8627419e-01
  2   3   1   6   2   4 11   +3.1539157e-01
  2   3   2   3   2   4 11   -4.9867785e-01
  2   3   3   3   2   4 11   -7.0523697e-01
  1   4   1   6   2   6 11   -1.3626473e+00
  1   5   1   6   2   6 11   +3.0469719e-01
  2   3   1   6   2   6 11   +1.1800872e+00
  1   2   1   2   2   2 11   +6.6490382e-01
  1   2   1   3   2   2 11   -4.7015798e-01
  1   3   1   3   2   2 11   +3.3245191e-01
  1   2   1   3   2   4 11   +1.4104739e+00
  1   3   1   3   2   4 11   -9.9735570e-01
  1   5   1   5   4   4 11   -8.2606101e-01
  1   5   1   6   4   4 11   -2.8906116e-01
  1   5   2   3   4   4 11   -1.0664402e+00
  1   5   3   3   4   4 11   -2.1545346e-01
  1   6   1   6   4   4 11   -9.4406974e-01
  1   6   2   3   4   4 11   -3.7317634e-01
  1   6   3   3   4   4 11   +1.0555021e+00
  2   3   2   3   4   4 11   -5.9004360e-01
  2   3   3   3   4   4 11   +8.3444762e-01
  3   3   3   3   4   4 11   +5.5511151e-16
  1   5   1   6   4   6 11   +5.7812232e-01
  1   6   1   6   4   6 11   -4.7203487e-01
  2   3   1   6   4   6 11   -7.4635267e-01
  3   3   1   6   4   6 11   -1.0555021e+00
  1   3   1   3   4   4 11   -1.1800872e+00
  1   6   1   6   6   6 11   -9.7720504e-01
  1   1   1   5   0   4 22   +1.0925485e+00
  1   1   1   6   0   4 22   +1.3380930e+00
  1   1   2   3   0   4 22   +1.4104739e+00
  1   1   3   3   0   4 22   -9.9735570e-01
  1   4   1   5   0   4 22   -1.2615663e+00
  1   4   1   6   0   4 22   -1.5450968e+00
  1   4   2   3   0   4 22   -1.6286750e+00
  1   4   3   3   0   4 22   +1.1516472e+00
  2   2   1   5   0   4 22   +1.8209140e+00
  2   2   1   6   0   4 22   +6.2803697e-16
  2   2   2   3   0   4 22   +1.4104739e+00
  2   2   3   3   0   4 22   +6.6613381e-16
  3   3   1   5   0   4 22   +2.5751615e-01
  3   3   1   6   0   4 22   +1.8923494e+00
  3   3   2   3   0   4 22   +9.9735570e-01
  3   3   3   3   0   4 22   -1.4104739e+00
  1   2   1   3   0   4 22   +1.9947114e+00
  1   4   1   4   2   2 22   +1.3035092e-15
  1   4   1   5   2   2 22   +8.9206207e-01
  1   4   2   3   2   2 22   -1.3137820e-15
  1   5   1   5   2   2 22   -6.9814897e-01
  1   5   2   3   2   2 22   +1.1588227e+00
  2   3   2   3   2   2 22   -4.9867785e-01
  1   4   1   5   2   4 22   -8.9206207e-01
  1   4   1   6   2   4 22   +7.2836560e-01
  1   4   2   3   2   4 22   -1.1605381e-15
  1   4   3   3   2   4 22   -1.6412486e-15
  1   5   1   5   2   4 22   -6.9814897e-01
  1   5   1   6   2   4 22   +5.7003629e-01
  1   5   2   3   2   4 22   -3.8627419e-01
  1   5   3   3   2   4 22   -5.4627424e-01
  2   3   1   5   2   4 22   -3.8627419e-01
  2   3   1   6   2   4 22   +3.1539157e-01
  2   3   2   3   2   4 22   -4.9867785e-01
  2   3   3   3   2   4 22   -7.0523697e-01
  1   4   1   6   2   6 22   -1.3626473e+00
  1   5   1   6   2   6 22   +3.0469719e-01
  2   3   1   6   2   6 22   +1.1800872e+00
  1   2   1   2   2   2 22   +6.6490382e-01
  1   2   1   3   2   2 22   -4.7015798e-01
  1   3   1   3   2   2 22   +3.3245191e-01
  1   2   1   3   2   4 22   +1.4104739e+00
  1   3   1   3   2   4 22   -9.9735570e-01
  1   5   1   5   4   4 22   -8.2606101e-01
  1   5   1   6   4   4 22   -2.8906116e-01
  1   5   2   3   4   4 22   -1.0664402e+00
  1   5   3   3   4   4 22   -2.1545346e-01
  1   6   1   6   4   4 22   -9.4406974e-01
  1   6   2   3   4   4 22   -3.7317634e-01
  1   6   3   3   4   4 22   +1.0555021e+00
  2   3   2   3   4   4 22   -5.9004360e-01
  2   3   3   3   4   4 22   +8.3444762e-01
  3   3   3   3   4   4 22   +5.5511151e-16
  1   5   1   6   4   6 22   +5.7812232e-01
  1   6   1   6   4   6 22   -4.7203487e-01
  2   3   1   6   4   6 22   -7.4635267e-01
  3   3   1   6   4   6 22   -1.0555021e+00
  1   3   1   3   4   4 22   -1.1800872e+00
  1   6   1   6   6   6 22   -9.7720504e-01
  1   1   1   5   0   4 12   +7.7254838e-01
  1   1   1   6   0   4 12   +9.4617468e-01
  1   1   2   3   0   4 12   +9.9735570e-01
  1   1   3   2   0   4 12   -9.9735570e-01
  1   1   3   3   0   4 12   -9.9735570e-01
  1   1   5   1   0   4 12   -7.7254838e-01
  1   1   6   1   0   4 12   +9.4617468e-01
  1   4   1   5   0   4 12   -1.2615663e+00
  1   4   1   6   0   4 12   -1.5450968e+00
  1   4   2   3   0   4 12   -8.1433749e-01
  1   4   3   2   0   4 12   +8.1433749e-01
  1   4   3   3   0   4 12   +8.1433749e-01
  1   4   5   1   0   4 12   +2.1094237e-15
  1   4   6   1   0   4 12   -2.6645353e-15
  2   2   1   5   0   4 12   +1.2875807e+00
  2   2   1   6   0   4 12   +4.4408921e-16
  2   2   2   3   0   4 12   +9.9735570e-01
  2   2   3   2   0   4 12   -9.9735570e-01
  2   2   3   3   0   4 12   +6.6613381e-16
  2   2   5   1   0   4 12   -1.2875807e+00
  2   2   6   1   0   4 12   +4.4408921e-16
  3   3   1   5   0   4 12   +1.8209140e-01
  3   3   1   6   0   4 12   +1.3380930e+00
  3   3   2   3   0   4 12   +7.0523697e-01
  3   3   3   2   0   4 12   -7.0523697e-01
  3   3   3   3   0   4 12   -1.4104739e+00
  3   3   5   1   0   4 12   -1.8209140e-01
  3   3   6   1   0   4 12   +1.3380930e+00
  4   1   1   5   0   4 12   -2.1094237e-15
  4   1   1   6   0   4 12   -2.6645353e-15
  4   1   2   3   0   4 12   -8.1433749e-01
  4   1   3   2   0   4 12   +8.1433749e-01
  4   1   3   3   0   4 12   +8.1433749e-01
  4   1   5   1   0   4 12   +1.2615663e+00
  4   1   6   1   0   4 12   -1.5450968e+00
  1   2   1   3   0   4 12   +9.9735570e-01
  1   2   3   1   0   4 12   -9.9735570e-01
  2   1   1   3   0   4 12   +9.9735570e-01
  2   1   3   1   0   4 12   -9.9735570e-01
  1   1   1   1   2   2 12   +0.0000000e+00
  1   1   1   4   2   2 12   +0.0000000e+00
  1   1   1   5   2   2 12   -5.4627424e-01
  1   1   2   2   2   2 12   -6.6490382e-01
  1   1   2   3   2   2 12   -2.3507899e-01
  1   1   3   2   2   2 12   +2.3507899e-01
  1   1   3   3   2   2 12   +2.1026105e-01
  1   1   4   1   2   2 12   +0.0000000e+00
  1   1   5   1   2   2 12   +5.4627424e-01
  1   4   1   4   2   2 12   +6.5175458e-16
  1   4   1   5   2   2 12   +8.9206207e-01
  1   4   2   2   2   2 12   +5.4289168e-01
  1   4   2   3   2   2 12   +1.9194119e-01
  1   4   3   2   2   2 12   -1.9194119e-01
  1   4   3   3   2   2 12   -1.7167743e-01
  1   4   4   1   2   2 12   -6.5175458e-16
  1   4   5   1   2   2 12   +3.8857806e-16
  1   5   1   5   2   2 12   -6.9814897e-01
  1   5   2   2   2   2 12   -3.0348566e-01
  1   5   2   3   2   2 12   +8.5838713e-02
  1   5   3   2   2   2 12   +1.0729839e+00
  1   5   3   3   2   2 12   -2.4952355e-01
  1   5   4   1   2   2 12   -3.8857806e-16
  1   5   5   1   2   2 12   -1.0547119e-15
  2   2   2   2   2   2 12   +7.7715612e-16
  2   2   2   3   2   2 12   -7.0523697e-01
  2   2   3   2   2   2 12   +7.0523697e-01
  2   2   3   3   2   2 12   -6.6613381e-16
  2   2   4   1   2   2 12   +5.4289168e-01
  2   2   5   1   2   2 12   +3.0348566e-01
  2   3   2   3   2   2 12   -4.9867785e-01
  2   3   3   2   2   2 12   -1.8873791e-15
  2   3   3   3   2   2 12   -2.2301552e-01
  2   3   4   1   2   2 12   +1.9194119e-01
  2   3   5   1   2   2 12   +1.0729839e+00
  3   2   3   2   2   2 12   -4.9867785e-01
  3   2   3   3   2   2 12   +2.2301552e-01
  3   2   4   1   2   2 12   -1.9194119e-01
  3   2   5   1   2   2 12   +8.5838713e-02
  3   3   3   3   2   2 12   +7.9788458e-01
  3   3   4   1   2   2 12   -1.7167743e-01
  3   3   5   1   2   2 12   +2.4952355e-01
  4   1   4   1   2   2 12   +6.5175458e-16
  4   1   5   1   2   2 12   -8.9206207e-01
  5   1   5   1   2   2 12   -6.9814897e-01
  1   1   1   5   2   4 12   +5.4627424e-01
  1   1   1   6   2   4 12   -4.4603103e-01
  1   1   2   3   2   4 12   -7.0523697e-01
  1   1   3   2   2   4 12   +7.0523697e-01
  1   1   3   3   2   4 12   +0.0000000e+00
  1   1   5   1   2   4 12   -5.4627424e-01
  1   1   6   1   2   4 12   -4.4603103e-01
  1   4   1   5   2   4 12   -8.9206207e-01
  1   4   1   6   2   4 12   +7.2836560e-01
  1   4   2   3   2   4 12   +5.7582361e-01
  1   4   3   2   2   4 12   -5.7582361e-01
  1   4   3   3   2   4 12   -1.1605381e-15
  1   4   5   1   2   4 12   -1.3322676e-15
  1   4   6   1   2   4 12   -1.1102230e-15
  1   5   1   5   2   4 12   -6.9814897e-01
  1   5   1   6   2   4 12   +5.7003629e-01
  1   5   2   3   2   4 12   +2.5751615e-01
  1   5   3   2   2   4 12   -6.4379036e-01
  1   5   3   3   2   4 12   -3.8627419e-01
  1   5   5   1   2   4 12   -5.5511151e-16
  1   5   6   1   2   4 12   -4.4408921e-16
  2   2   1   5   2   4 12   -9.1045702e-01
  2   2   1   6   2   4 12   -5.5511151e-17
  2   2   2   3   2   4 12   +7.0523697e-01
  2   2   3   2   2   4 12   -7.0523697e-01
  2   2   3   3   2   4 12   +0.0000000e+00
  2   2   5   1   2   4 12   +9.1045702e-01
  2   2   6   1   2   4 12   -5.5511151e-17
  2   3   1   5   2   4 12   +2.5751615e-01
  2   3   1   6   2   4 12   +3.1539157e-01
  2   3   2   3   2   4 12   -4.9867785e-01
  2   3   3   2   2   4 12   -5.5511151e-17
  2   3   3   3   2   4 12   -4.9867785e-01
  2   3   5   1   2   4 12   -6.4379036e-01
  2   3   6   1   2   4 12   -6.6613381e-16
  3   2   1   5   2   4 12   -6.4379036e-01
  3   2   1   6   2   4 12   +6.6613381e-16
  3   2   2   3   2   4 12   -5.5511151e-17
  3   2   3   2   2   4 12   -4.9867785e-01
  3   2   3   3   2   4 12   -4.9867785e-01
  3   2   5   1   2   4 12   +2.5751615e-01
  3   2   6   1   2   4 12   -3.1539157e-01
  3   3   1   5   2   4 12   -5.7582360e-02
  3   3   1   6   2   4 12   -1.1283792e+00
  3   3   2   3   2   4 12   -6.6904652e-01
  3   3   3   2   2   4 12   +6.6904652e-01
  3   3   3   3   2   4 12   +0.0000000e+00
  3   3   5   1   2   4 12   +5.7582360e-02
  3   3   6   1   2   4 12   -1.1283792e+00
  4   1   1   5   2   4 12   +1.3322676e-15
  4   1   1   6   2   4 12   -1.1102230e-15
  4   1   2   3   2   4 12   +5.7582361e-01
  4   1   3   2   2   4 12   -5.7582361e-01
  4   1   3   3   2   4 12   +1.1605381e-15
  4   1   5   1   2   4 12   +8.9206207e-01
  4   1   6   1   2   4 12   +7.2836560e-01
  5   1   1   5   2   4 12   -5.5511151e-16
  5   1   1   6   2   4 12   +4.4408921e-16
  5   1   2   3   2   4 12   -6.4379036e-01
  5   1   3   2   2   4 12   +2.5751615e-01
  5   1   3   3   2   4 12   -3.8627419e-01
  5   1   5   1   2   4 12   -6.9814897e-01
  5   1   6   1   2   4 12   -5.7003629e-01
  1   1   1   6   2   6 12   +8.3444762e-01
  1   1   3   3   2   6 12   -1.1800872e+00
  1   1   6   1   2   6 12   +8.3444762e-01
  1   4   1   6   2   6 12   -1.3626473e+00
  1   4   3   3   2   6 12   +9.6353716e-01
  1   4   6   1   2   6 12   -6.6613381e-16
  1   5   1   6   2   6 12   +3.0469719e-01
  1   5   3   3   2   6 12   -2.1545346e-01
  1   5   6   1   2   6 12   +1.2767565e-15
  2   2   1   6   2   6 12   -2.4980018e-16
  2   2   3   3   2   6 12   +3.8857806e-16
  2   2   6   1   2   6 12   -2.4980018e-16
  2   3   1   6   2   6 12   +1.1800872e+00
  2   3   3   3   2   6 12   -8.3444762e-01
  2   3   6   1   2   6 12   +1.4432899e-15
  3   2   1   6   2   6 12   -1.4432899e-15
  3   2   3   3   2   6 12   +8.3444762e-01
  3   2   6   1   2   6 12   -1.1800872e+00
  3   3   1   6   2   6 12   +5.2775103e-01
  3   3   3   3   2   6 12   -7.4635267e-01
  3   3   6   1   2   6 12   +5.2775103e-01
  4   1   1   6   2   6 12   -6.6613381e-16
  4   1   3   3   2   6 12   +9.6353716e-01
  4   1   6   1   2   6 12   -1.3626473e+00
  5   1   1   6   2   6 12   -1.2767565e-15
  5   1   3   3   2   6 12   +2.1545346e-01
  5   1   6   1   2   6 12   -3.0469719e-01
  1   2   1   2   2   2 12   +5.5511151e-16
  1   2   1   3   2   2 12   -7.0523697e-01
  1   2   2   1   2   2 12   -6.6490382e-01
  1   2   3   1   2   2 12   +2.3507899e-01
  1   3   1   3   2   2 12   -4.9867785e-01
  1   3   2   1   2   2 12   -2.3507899e-01
  1   3   3   1   2   2 12   +8.3112973e-01
  2   1   2   1   2   2 12   +5.5511151e-16
  2   1   3   1   2   2 12   +7.0523697e-01
  3   1   3   1   2   2 12   -4.9867785e-01
  1   2   1   3   2   4 12   +7.0523697e-01
  1   2   3   1   2   4 12   +7.0523697e-01
  1   3   1   3   2   4 12   -4.9867785e-01
  1   3   3   1   2   4 12   -4.9867785e-01
  2   1   1   3   2   4 12   -7.0523697e-01
  2   1   3   1   2   4 12   -7.0523697e-01
  3   1   1   3   2   4 12   -4.9867785e-01
  3   1   3   1   2   4 12   -4.9867785e-01
  1   5   1   5   4   4 12   -8.2606101e-01
  1   5   1   6   4   4 12   -2.8906116e-01
  1   5   2   3   4   4 12   -3.0469719e-01
  1   5   3   2   4   4 12   +7.6174301e-01
  1   5   3   3   4   4 12   -1.5234859e-01
  1   5   5   1   4   4 12   +2.7755576e-16
  1   5   6   1   4   4 12   -4.1633363e-16
  1   6   1   6   4   4 12   -9.4406974e-01
  1   6   2   3   4   4 12   -3.7317634e-01
  1   6   3   2   4   4 12   -1.1934898e-15
  1   6   3   3   4   4 12   +7.4635267e-01
  1   6   5   1   4   4 12   +4.1633363e-16
  1   6   6   1   4   4 12   -3.8857806e-16
  2   3   2   3   4   4 12   -5.9004360e-01
  2   3   3   2   4   4 12   -1.3877788e-15
  2   3   3   3   4   4 12   +5.9004360e-01
  2   3   5   1   4   4 12   +7.6174301e-01
  2   3   6   1   4   4 12   +1.1934898e-15
  3   2   3   2   4   4 12   -5.9004360e-01
  3   2   3   3   4   4 12   -5.9004360e-01
  3   2   5   1   4   4 12   -3.0469719e-01
  3   2   6   1   4   4 12   +3.7317634e-01
  3   3   3   3   4   4 12   +5.5511151e-16
  3   3   5   1   4   4 12   +1.5234859e-01
  3   3   6   1   4   4 12   +7.4635267e-01
  5   1   5   1   4   4 12   -8.2606101e-01
  5   1   6   1   4   4 12   +2.8906116e-01
  6   1   6   1   4   4 12   -9.4406974e-01
  1   5   1   6   4   6 12   +5.7812232e-01
  1   5   3   3   4   6 12   -4.0879419e-01
  1   5   6   1   4   6 12   +5.5511151e-16
  1   6   1   6   4   6 12   -4.7203487e-01
  1   6   3   3   4   6 12   +3.3377907e-01
  1   6   6   1   4   6 12   -4.1633363e-16
  2   3   1   6   4   6 12   -7.4635267e-01
  2   3   3   3   4   6 12   +5.2775103e-01
  2   3   6   1   4   6 12   -1.0547119e-15
  3   2   1   6   4   6 12   +1.0547119e-15
  3   2   3   3   4   6 12   +5.2775103e-01
  3   2   6   1   4   6 12   +7.4635267e-01
  3   3   1   6   4   6 12   -7.4635267e-01
  3   3   3   3   4   6 12   +0.0000000e+00
  3   3   6   1   4   6 12   -7.4635267e-01
  5   1   1   6   4   6 12   -5.5511151e-16
  5   1   3   3   4   6 12   -4.0879419e-01
  5   1   6   1   4   6 12   -5.7812232e-01
  6   1   1   6   4   6 12   -4.1633363e-16
  6   1   3   3   4   6 12   -3.3377907e-01
  6   1   6   1   4   6 12   -4.7203487e-01
  1   3   1   3   4   4 12   -5.9004360e-01
  1   3   3   1   4   4 12   +5.9004360e-01
  3   1   3   1   4   4 12   -5.9004360e-01
  1   6   1   6   6   6 12   -9.7720504e-01
  1   6   3   3   6   6 12   +6.9098830e-01
  1   6   6   1   6   6 12   +9.9920072e-16
  3   3   3   3   6   6 12   -9.7720504e-01
  3   3   6   1   6   6 12   +6.9098830e-01
  6   1   6   1   6   6 12   -9.7720504e-01
