     15099
6 6
   1   0   0   1   1   0.00000000
   2   0   1   1   1   1.00000000
   3   0   1   3   1   1.00000000
   4   1   0   1   1   2.00000000
   5   0   2   3   1   2.00000000
   6   0   2   5   1   2.00000000
   1   0   0   1   2   0.00000000
   2   0   1   1   2   1.00000000
   3   0   1   3   2   1.00000000
   4   1   0   1   2   2.00000000
   5   0   2   3   2   2.00000000
   6   0   2   5   2   2.00000000
2 0 0
2.000000e+00 2.000000e+00
2.000000e+00 2.000000e+00 2.000000e+00
6 6 6
59 59 250
  1   1   1   5   0   4 11   +5.4627424e-01
  1   1   1   6   0   4 11   +6.6904652e-01
  1   1   2   3   0   4 11   +7.0523697e-01
  1   1   3   3   0   4 11   -4.9867785e-01
  1   4   1   5   0   4 11   -6.3078314e-01
  1   4   1   6   0   4 11   -7.7254838e-01
  1   4   2   3   0   4 11   -8.1433749e-01
  1   4   3   3   0   4 11   +5.7582361e-01
  2   2   1   5   0   4 11   +9.1045702e-01
  2   2   1   6   0   4 11   -6.1492045e-10
  2   2   2   3   0   4 11   +7.0523697e-01
  2   2   3   3   0   4 11   +6.6666656e-10
  3   3   1   5   0   4 11   +1.2875807e-01
  3   3   1   6   0   4 11   +9.4617468e-01
  3   3   2   3   0   4 11   +4.9867785e-01
  3   3   3   3   0   4 11   -7.0523697e-01
  1   2   1   3   0   4 11   +9.9735570e-01
  1   4   1   4   2   2 11   +0.0000000e+00
  1   4   1   5   2   2 11   +4.4603103e-01
  1   4   2   3   2   2 11   +0.0000000e+00
  1   5   1   5   2   2 11   -3.4907448e-01
  1   5   2   3   2   2 11   +5.7941133e-01
  2   3   2   3   2   2 11   -2.4933892e-01
  1   4   1   5   2   4 11   -4.4603103e-01
  1   4   1   6   2   4 11   +3.6418280e-01
  1   4   2   3   2   4 11   +0.0000000e+00
  1   4   3   3   2   4 11   +0.0000000e+00
  1   5   1   5   2   4 11   -3.4907448e-01
  1   5   1   6   2   4 11   +2.8501815e-01
  1   5   2   3   2   4 11   -1.9313709e-01
  1   5   3   3   2   4 11   -2.7313712e-01
  2   3   1   5   2   4 11   -1.9313709e-01
  2   3   1   6   2   4 11   +1.5769579e-01
  2   3   2   3   2   4 11   -2.4933892e-01
  2   3   3   3   2   4 11   -3.5261849e-01
  1   4   1   6   2   6 11   -6.8132365e-01
  1   5   1   6   2   6 11   +1.5234859e-01
  2   3   1   6   2   6 11   +5.9004360e-01
  1   2   1   2   2   2 11   +3.3245191e-01
  1   2   1   3   2   2 11   -2.3507899e-01
  1   3   1   3   2   2 11   +1.6622595e-01
  1   2   1   3   2   4 11   +7.0523697e-01
  1   3   1   3   2   4 11   -4.9867785e-01
  1   5   1   5   4   4 11   -4.1303051e-01
  1   5   1   6   4   4 11   -1.4453058e-01
  1   5   2   3   4   4 11   -5.3322011e-01
  1   5   3   3   4   4 11   -1.0772673e-01
  1   6   1   6   4   4 11   -4.7203487e-01
  1   6   2   3   4   4 11   -1.8658817e-01
  1   6   3   3   4   4 11   +5.2775103e-01
  2   3   2   3   4   4 11   -2.9502180e-01
  2   3   3   3   4   4 11   +4.1722381e-01
  3   3   3   3   4   4 11   +0.0000000e+00
  1   5   1   6   4   6 11   +2.8906116e-01
  1   6   1   6   4   6 11   -2.3601744e-01
  2   3   1   6   4   6 11   -3.7317634e-01
  3   3   1   6   4   6 11   -5.2775103e-01
  1   3   1   3   4   4 11   -5.9004360e-01
  1   6   1   6   6   6 11   -4.8860252e-01
  1   1   1   5   0   4 22   +5.4627424e-01
  1   1   1   6   0   4 22   +6.6904652e-01
  1   1   2   3   0   4 22   +7.0523697e-01
  1   1   3   3   0   4 22   -4.9867785e-01
  1   4   1   5   0   4 22   -6.3078314e-01
  1   4   1   6   0   4 22   -7.7254838e-01
  1   4   2   3   0   4 22   -8.1433749e-01
  1   4   3   3   0   4 22   +5.7582361e-01
  2   2   1   5   0   4 22   +9.1045702e-01
  2   2   1   6   0   4 22   -6.1492045e-10
  2   2   2   3   0   4 22   +7.0523697e-01
  2   2   3   3   0   4 22   +6.6666656e-10
  3   3   1   5   0   4 22   +1.2875807e-01
  3   3   1   6   0   4 22   +9.4617468e-01
  3   3   2   3   0   4 22   +4.9867785e-01
  3   3   3   3   0   4 22   -7.0523697e-01
  1   2   1   3   0   4 22   +9.9735570e-01
  1   4   1   4   2   2 22   +0.0000000e+00
  1   4   1   5   2   2 22   +4.4603103e-01
  1   4   2   3   2   2 22   +0.0000000e+00
  1   5   1   5   2   2 22   -3.4907448e-01
  1   5   2   3   2   2 22   +5.7941133e-01
  2   3   2   3   2   2 22   -2.4933892e-01
  1   4   1   5   2   4 22   -4.4603103e-01
  1   4   1   6   2   4 22   +3.6418280e-01
  1   4   2   3   2   4 22   +0.0000000e+00
  1   4   3   3   2   4 22   +0.0000000e+00
  1   5   1   5   2   4 22   -3.4907448e-01
  1   5   1   6   2   4 22   +2.8501815e-01
  1   5   2   3   2   4 22   -1.9313709e-01
  1   5   3   3   2   4 22   -2.7313712e-01
  2   3   1   5   2   4 22   -1.9313709e-01
  2   3   1   6   2   4 22   +1.5769579e-01
  2   3   2   3   2   4 22   -2.4933892e-01
  2   3   3   3   2   4 22   -3.5261849e-01
  1   4   1   6   2   6 22   -6.8132365e-01
  1   5   1   6   2   6 22   +1.5234859e-01
  2   3   1   6   2   6 22   +5.9004360e-01
  1   2   1   2   2   2 22   +3.3245191e-01
  1   2   1   3   2   2 22   -2.3507899e-01
  1   3   1   3   2   2 22   +1.6622595e-01
  1   2   1   3   2   4 22   +7.0523697e-01
  1   3   1   3   2   4 22   -4.9867785e-01
  1   5   1   5   4   4 22   -4.1303051e-01
  1   5   1   6   4   4 22   -1.4453058e-01
  1   5   2   3   4   4 22   -5.3322011e-01
  1   5   3   3   4   4 22   -1.0772673e-01
  1   6   1   6   4   4 22   -4.7203487e-01
  1   6   2   3   4   4 22   -1.8658817e-01
  1   6   3   3   4   4 22   +5.2775103e-01
  2   3   2   3   4   4 22   -2.9502180e-01
  2   3   3   3   4   4 22   +4.1722381e-01
  3   3   3   3   4   4 22   +0.0000000e+00
  1   5   1   6   4   6 22   +2.8906116e-01
  1   6   1   6   4   6 22   -2.3601744e-01
  2   3   1   6   4   6 22   -3.7317634e-01
  3   3   1   6   4   6 22   -5.2775103e-01
  1   3   1   3   4   4 22   -5.9004360e-01
  1   6   1   6   6   6 22   -4.8860252e-01
  1   1   1   5   0   4 12   +3.8627419e-01
  1   1   1   6   0   4 12   +4.7308734e-01
  1   1   2   3   0   4 12   +4.9867785e-01
  1   1   3   2   0   4 12   -4.9867785e-01
  1   1   3   3   0   4 12   -4.9867785e-01
  1   1   5   1   0   4 12   -3.8627419e-01
  1   1   6   1   0   4 12   +4.7308734e-01
  1   4   1   5   0   4 12   -6.3078314e-01
  1   4   1   6   0   4 12   -7.7254838e-01
  1   4   2   3   0   4 12   -4.0716875e-01
  1   4   3   2   0   4 12   +4.0716875e-01
  1   4   3   3   0   4 12   +4.0716875e-01
  1   4   5   1   0   4 12   -3.1622788e-10
  1   4   6   1   0   4 12   +3.8729853e-10
  2   2   1   5   0   4 12   +6.4379036e-01
  2   2   1   6   0   4 12   -4.3481441e-10
  2   2   2   3   0   4 12   +4.9867785e-01
  2   2   3   2   0   4 12   -4.9867785e-01
  2   2   3   3   0   4 12   +6.6666656e-10
  2   2   5   1   0   4 12   -6.4379036e-01
  2   2   6   1   0   4 12   -4.3481441e-10
  3   3   1   5   0   4 12   +9.1045700e-02
  3   3   1   6   0   4 12   +6.6904652e-01
  3   3   2   3   0   4 12   +3.5261849e-01
  3   3   3   2   0   4 12   -3.5261849e-01
  3   3   3   3   0   4 12   -7.0523697e-01
  3   3   5   1   0   4 12   -9.1045700e-02
  3   3   6   1   0   4 12   +6.6904652e-01
  4   1   1   5   0   4 12   +3.1622788e-10
  4   1   1   6   0   4 12   +3.8729853e-10
  4   1   2   3   0   4 12   -4.0716875e-01
  4   1   3   2   0   4 12   +4.0716875e-01
  4   1   3   3   0   4 12   +4.0716875e-01
  4   1   5   1   0   4 12   +6.3078314e-01
  4   1   6   1   0   4 12   -7.7254838e-01
  1   2   1   3   0   4 12   +4.9867785e-01
  1   2   3   1   0   4 12   -4.9867785e-01
  2   1   1   3   0   4 12   +4.9867785e-01
  2   1   3   1   0   4 12   -4.9867785e-01
  1   1   1   1   2   2 12   +0.0000000e+00
  1   1   1   4   2   2 12   +0.0000000e+00
  1   1   1   5   2   2 12   -2.7313712e-01
  1   1   2   2   2   2 12   -3.3245191e-01
  1   1   2   3   2   2 12   -1.1753950e-01
  1   1   3   2   2   2 12   +1.1753950e-01
  1   1   3   3   2   2 12   +1.0513052e-01
  1   1   4   1   2   2 12   +0.0000000e+00
  1   1   5   1   2   2 12   +2.7313712e-01
  1   4   1   4   2   2 12   +0.0000000e+00
  1   4   1   5   2   2 12   +4.4603103e-01
  1   4   2   2   2   2 12   +2.7144584e-01
  1   4   2   3   2   2 12   +9.5970593e-02
  1   4   3   2   2   2 12   -9.5970593e-02
  1   4   3   3   2   2 12   -8.5838713e-02
  1   4   4   1   2   2 12   +0.0000000e+00
  1   4   5   1   2   2 12   +0.0000000e+00
  1   5   1   5   2   2 12   -3.4907448e-01
  1   5   2   2   2   2 12   -1.5174283e-01
  1   5   2   3   2   2 12   +4.2919356e-02
  1   5   3   2   2   2 12   +5.3649193e-01
  1   5   3   3   2   2 12   -1.2476178e-01
  1   5   4   1   2   2 12   +0.0000000e+00
  1   5   5   1   2   2 12   +2.4999994e-10
  2   2   2   2   2   2 12   +0.0000000e+00
  2   2   2   3   2   2 12   -3.5261849e-01
  2   2   3   2   2   2 12   +3.5261849e-01
  2   2   3   3   2   2 12   +2.3190085e-10
  2   2   4   1   2   2 12   +2.7144584e-01
  2   2   5   1   2   2 12   +1.5174283e-01
  2   3   2   3   2   2 12   -2.4933892e-01
  2   3   3   2   2   2 12   +0.0000000e+00
  2   3   3   3   2   2 12   -1.1150776e-01
  2   3   4   1   2   2 12   +9.5970593e-02
  2   3   5   1   2   2 12   +5.3649193e-01
  3   2   3   2   2   2 12   -2.4933892e-01
  3   2   3   3   2   2 12   +1.1150776e-01
  3   2   4   1   2   2 12   -9.5970593e-02
  3   2   5   1   2   2 12   +4.2919356e-02
  3   3   3   3   2   2 12   +3.9894229e-01
  3   3   4   1   2   2 12   -8.5838713e-02
  3   3   5   1   2   2 12   +1.2476178e-01
  4   1   4   1   2   2 12   +0.0000000e+00
  4   1   5   1   2   2 12   -4.4603103e-01
  5   1   5   1   2   2 12   -3.4907448e-01
  1   1   1   5   2   4 12   +2.7313709e-01
  1   1   1   6   2   4 12   -2.2301552e-01
  1   1   2   3   2   4 12   -3.5261849e-01
  1   1   3   2   2   4 12   -3.5261849e-01
  1   1   3   3   2   4 12   +0.0000000e+00
  1   1   5   1   2   4 12   +2.7313709e-01
  1   1   6   1   2   4 12   +2.2301552e-01
  1   4   1   5   2   4 12   -4.4603103e-01
  1   4   1   6   2   4 12   +3.6418280e-01
  1   4   2   3   2   4 12   +2.8791180e-01
  1   4   3   2   2   4 12   +2.8791180e-01
  1   4   3   3   2   4 12   +0.0000000e+00
  1   4   5   1   2   4 12   +7.7459672e-10
  1   4   6   1   2   4 12   +6.3245559e-10
  1   5   1   5   2   4 12   -3.4907448e-01
  1   5   1   6   2   4 12   +2.8501815e-01
  1   5   2   3   2   4 12   +1.2875807e-01
  1   5   3   2   2   4 12   +3.2189518e-01
  1   5   3   3   2   4 12   -1.9313709e-01
  1   5   5   1   2   4 12   +1.9364924e-10
  1   5   6   1   2   4 12   +1.5811397e-10
  2   2   1   5   2   4 12   -4.5522851e-01
  2   2   1   6   2   4 12   -3.6866996e-10
  2   2   2   3   2   4 12   +3.5261849e-01
  2   2   3   2   2   4 12   +3.5261849e-01
  2   2   3   3   2   4 12   +0.0000000e+00
  2   2   5   1   2   4 12   -4.5522851e-01
  2   2   6   1   2   4 12   +3.6866996e-10
  2   3   1   5   2   4 12   +1.2875807e-01
  2   3   1   6   2   4 12   +1.5769579e-01
  2   3   2   3   2   4 12   -2.4933892e-01
  2   3   3   2   2   4 12   +9.4860786e-10
  2   3   3   3   2   4 12   -2.4933892e-01
  2   3   5   1   2   4 12   +3.2189518e-01
  2   3   6   1   2   4 12   -7.0865602e-10
  3   2   1   5   2   4 12   -3.2189518e-01
  3   2   1   6   2   4 12   -7.0865602e-10
  3   2   2   3   2   4 12   -9.4860786e-10
  3   2   3   2   2   4 12   +2.4933892e-01
  3   2   3   3   2   4 12   -2.4933892e-01
  3   2   5   1   2   4 12   -1.2875807e-01
  3   2   6   1   2   4 12   +1.5769579e-01
  3   3   1   5   2   4 12   -2.8791180e-02
  3   3   1   6   2   4 12   -5.6418955e-01
  3   3   2   3   2   4 12   -3.3452326e-01
  3   3   3   2   2   4 12   -3.3452326e-01
  3   3   3   3   2   4 12   +0.0000000e+00
  3   3   5   1   2   4 12   -2.8791180e-02
  3   3   6   1   2   4 12   +5.6418955e-01
  4   1   1   5   2   4 12   +7.7459672e-10
  4   1   1   6   2   4 12   -6.3245559e-10
  4   1   2   3   2   4 12   +2.8791180e-01
  4   1   3   2   2   4 12   +2.8791180e-01
  4   1   3   3   2   4 12   +0.0000000e+00
  4   1   5   1   2   4 12   -4.4603103e-01
  4   1   6   1   2   4 12   -3.6418280e-01
  5   1   1   5   2   4 12   -1.9364924e-10
  5   1   1   6   2   4 12   +1.5811397e-10
  5   1   2   3   2   4 12   -3.2189518e-01
  5   1   3   2   2   4 12   -1.2875807e-01
  5   1   3   3   2   4 12   -1.9313709e-01
  5   1   5   1   2   4 12   +3.4907448e-01
  5   1   6   1   2   4 12   +2.8501815e-01
  1   1   1   6   2   6 12   +4.1722381e-01
  1   1   3   3   2   6 12   -5.9004360e-01
  1   1   6   1   2   6 12   +4.1722381e-01
  1   4   1   6   2   6 12   -6.8132365e-01
  1   4   3   3   2   6 12   +4.8176858e-01
  1   4   6   1   2   6 12   +5.0000015e-10
  1   5   1   6   2   6 12   +1.5234859e-01
  1   5   3   3   2   6 12   -1.0772673e-01
  1   5   6   1   2   6 12   +0.0000000e+00
  2   2   1   6   2   6 12   +2.3866861e-10
  2   2   3   3   2   6 12   -3.3752839e-10
  2   2   6   1   2   6 12   +2.3866861e-10
  2   3   1   6   2   6 12   +5.9004360e-01
  2   3   3   3   2   6 12   -4.1722381e-01
  2   3   6   1   2   6 12   -3.6604930e-10
  3   2   1   6   2   6 12   +3.6604930e-10
  3   2   3   3   2   6 12   +4.1722381e-01
  3   2   6   1   2   6 12   -5.9004360e-01
  3   3   1   6   2   6 12   +2.6387551e-01
  3   3   3   3   2   6 12   -3.7317634e-01
  3   3   6   1   2   6 12   +2.6387551e-01
  4   1   1   6   2   6 12   +5.0000015e-10
  4   1   3   3   2   6 12   +4.8176858e-01
  4   1   6   1   2   6 12   -6.8132365e-01
  5   1   1   6   2   6 12   +0.0000000e+00
  5   1   3   3   2   6 12   +1.0772673e-01
  5   1   6   1   2   6 12   -1.5234859e-01
  1   2   1   2   2   2 12   +1.6666665e-10
  1   2   1   3   2   2 12   -3.5261849e-01
  1   2   2   1   2   2 12   -3.3245191e-01
  1   2   3   1   2   2 12   +1.1753950e-01
  1   3   1   3   2   2 12   -2.4933892e-01
  1   3   2   1   2   2 12   -1.1753950e-01
  1   3   3   1   2   2 12   +4.1556486e-01
  2   1   2   1   2   2 12   +1.6666665e-10
  2   1   3   1   2   2 12   +3.5261849e-01
  3   1   3   1   2   2 12   -2.4933892e-01
  1   2   1   3   2   4 12   +3.5261849e-01
  1   2   3   1   2   4 12   -3.5261849e-01
  1   3   1   3   2   4 12   -2.4933892e-01
  1   3   3   1   2   4 12   +2.4933892e-01
  2   1   1   3   2   4 12   -3.5261849e-01
  2   1   3   1   2   4 12   +3.5261849e-01
  3   1   1   3   2   4 12   -2.4933892e-01
  3   1   3   1   2   4 12   +2.4933892e-01
  1   5   1   5   4   4 12   -4.1303051e-01
  1   5   1   6   4   4 12   -1.4453058e-01
  1   5   2   3   4   4 12   -1.5234859e-01
  1   5   3   2   4   4 12   +3.8087150e-01
  1   5   3   3   4   4 12   -7.6174296e-02
  1   5   5   1   4   4 12   +0.0000000e+00
  1   5   6   1   4   4 12   +0.0000000e+00
  1   6   1   6   4   4 12   -4.7203487e-01
  1   6   2   3   4   4 12   -1.8658817e-01
  1   6   3   2   4   4 12   +0.0000000e+00
  1   6   3   3   4   4 12   +3.7317634e-01
  1   6   5   1   4   4 12   +0.0000000e+00
  1   6   6   1   4   4 12   +0.0000000e+00
  2   3   2   3   4   4 12   -2.9502180e-01
  2   3   3   2   4   4 12   +0.0000000e+00
  2   3   3   3   4   4 12   +2.9502180e-01
  2   3   5   1   4   4 12   +3.8087150e-01
  2   3   6   1   4   4 12   +0.0000000e+00
  3   2   3   2   4   4 12   -2.9502180e-01
  3   2   3   3   4   4 12   -2.9502180e-01
  3   2   5   1   4   4 12   -1.5234859e-01
  3   2   6   1   4   4 12   +1.8658817e-01
  3   3   3   3   4   4 12   +0.0000000e+00
  3   3   5   1   4   4 12   +7.6174296e-02
  3   3   6   1   4   4 12   +3.7317634e-01
  5   1   5   1   4   4 12   -4.1303051e-01
  5   1   6   1   4   4 12   +1.4453058e-01
  6   1   6   1   4   4 12   -4.7203487e-01
  1   5   1   6   4   6 12   +2.8906116e-01
  1   5   3   3   4   6 12   -2.0439710e-01
  1   5   6   1   4   6 12   -1.9364926e-10
  1   6   1   6   4   6 12   -2.3601744e-01
  1   6   3   3   4   6 12   +1.6688953e-01
  1   6   6   1   4   6 12   +1.5811397e-10
  2   3   1   6   4   6 12   -3.7317634e-01
  2   3   3   3   4   6 12   +2.6387551e-01
  2   3   6   1   4   6 12   +0.0000000e+00
  3   2   1   6   4   6 12   +0.0000000e+00
  3   2   3   3   4   6 12   +2.6387551e-01
  3   2   6   1   4   6 12   -3.7317634e-01
  3   3   1   6   4   6 12   -3.7317634e-01
  3   3   3   3   4   6 12   +0.0000000e+00
  3   3   6   1   4   6 12   +3.7317634e-01
  5   1   1   6   4   6 12   -1.9364926e-10
  5   1   3   3   4   6 12   -2.0439710e-01
  5   1   6   1   4   6 12   +2.8906116e-01
  6   1   1   6   4   6 12   -1.5811397e-10
  6   1   3   3   4   6 12   -1.6688953e-01
  6   1   6   1   4   6 12   +2.3601744e-01
  1   3   1   3   4   4 12   -2.9502180e-01
  1   3   3   1   4   4 12   +2.9502180e-01
  3   1   3   1   4   4 12   -2.9502180e-01
  1   6   1   6   6   6 12   -4.8860252e-01
  1   6   3   3   6   6 12   +3.4549415e-01
  1   6   6   1   6   6 12   +0.0000000e+00
  3   3   3   3   6   6 12   -4.8860252e-01
  3   3   6   1   6   6 12   +3.4549415e-01
  6   1   6   1   6   6 12   -4.8860252e-01
