     15099
6 6
   1   0   0   1   1   0.00000000
   2   0   1   1   1   1.00000000
   3   0   1   3   1   1.00000000
   4   1   0   1   1   2.00000000
   5   0   2   3   1   2.00000000
   6   0   2   5   1   2.00000000
   1   0   0   1   2   0.00000000
   2   0   1   1   2   1.00000000
   3   0   1   3   2   1.00000000
   4   1   0   1   2   2.00000000
   5   0   2   3   2   2.00000000
   6   0   2   5   2   2.00000000
1 0 0
2.000000e+00 2.000000e+00
2.000000e+00 2.000000e+00 2.000000e+00
6 6 6
53 53 237
  1   1   1   4   0   2 11   +0.0000000e+00
  1   1   1   5   0   2 11   +0.0000000e+00
  1   1   2   3   0   2 11   +0.0000000e+00
  1   4   1   4   0   2 11   +0.0000000e+00
  1   4   1   5   0   2 11   +0.0000000e+00
  1   4   2   3   0   2 11   +0.0000000e+00
  2   2   1   4   0   2 11   +1.8873791e-15
  2   2   1   5   0   2 11   -5.2881474e-16
  2   2   2   3   0   2 11   +1.1547005e+00
  3   3   1   4   0   2 11   -1.3345785e-15
  3   3   1   5   0   2 11   +3.7392849e-16
  3   3   2   3   0   2 11   -8.1649661e-01
  1   2   1   2   0   2 11   -1.1547005e+00
  1   2   1   3   0   2 11   +8.1649661e-01
  1   4   1   4   2   2 11   +1.4142135e+00
  1   4   1   5   2   2 11   +3.5327081e-16
  1   4   2   3   2   2 11   +7.0654163e-16
  1   5   1   5   2   2 11   -7.0710677e-01
  1   5   2   3   2   2 11   +5.1028007e-16
  2   3   2   3   2   2 11   +7.0710677e-01
  1   4   1   5   2   4 11   -5.4728477e-16
  1   4   1   6   2   4 11   +4.4685615e-16
  1   4   2   3   2   4 11   -3.1727265e-16
  1   4   3   3   2   4 11   -4.4869130e-16
  1   5   1   5   2   4 11   -9.4868332e-01
  1   5   1   6   2   4 11   +7.7459669e-01
  1   5   2   3   2   4 11   -9.8010765e-16
  1   5   3   3   2   4 11   -1.3860815e-15
  2   3   1   5   2   4 11   +4.2566593e-16
  2   3   1   6   2   4 11   -3.4755477e-16
  2   3   2   3   2   4 11   +5.2704626e-01
  2   3   3   3   2   4 11   +7.4535596e-01
  1   2   1   2   2   2 11   +4.7140452e-01
  1   2   1   3   2   2 11   -3.3333334e-01
  1   3   1   3   2   2 11   +2.3570226e-01
  1   2   1   3   2   4 11   +7.4535596e-01
  1   3   1   3   2   4 11   -5.2704626e-01
  1   5   1   5   4   4 11   +2.4494897e-01
  1   5   1   6   4   4 11   -2.0000000e-01
  1   5   2   3   4   4 11   +3.5108334e-17
  1   5   3   3   4   4 11   +4.9650682e-17
  1   6   1   6   4   4 11   +1.6329932e-01
  1   6   2   3   4   4 11   -2.8665835e-17
  1   6   3   3   4   4 11   -4.0539612e-17
  2   3   2   3   4   4 11   +4.0824831e-01
  2   3   3   3   4   4 11   +5.7735026e-01
  3   3   3   3   4   4 11   +8.1649661e-01
  1   5   1   6   4   6 11   +7.4833149e-01
  1   6   1   6   4   6 11   -6.1101007e-01
  2   3   1   6   4   6 11   -3.1727265e-16
  3   3   1   6   4   6 11   -4.4869130e-16
  1   3   1   3   4   4 11   +1.2247449e+00
  1   6   1   6   6   6 11   +1.1547005e+00
  1   1   1   4   0   2 22   +0.0000000e+00
  1   1   1   5   0   2 22   +0.0000000e+00
  1   1   2   3   0   2 22   +0.0000000e+00
  1   4   1   4   0   2 22   +0.0000000e+00
  1   4   1   5   0   2 22   +0.0000000e+00
  1   4   2   3   0   2 22   +0.0000000e+00
  2   2   1   4   0   2 22   -1.8873791e-15
  2   2   1   5   0   2 22   +5.2881474e-16
  2   2   2   3   0   2 22   -1.1547005e+00
  3   3   1   4   0   2 22   +1.3345785e-15
  3   3   1   5   0   2 22   -3.7392849e-16
  3   3   2   3   0   2 22   +8.1649661e-01
  1   2   1   2   0   2 22   +1.1547005e+00
  1   2   1   3   0   2 22   -8.1649661e-01
  1   4   1   4   2   2 22   -1.4142135e+00
  1   4   1   5   2   2 22   -3.5327081e-16
  1   4   2   3   2   2 22   -7.0654163e-16
  1   5   1   5   2   2 22   +7.0710677e-01
  1   5   2   3   2   2 22   -5.1028007e-16
  2   3   2   3   2   2 22   -7.0710677e-01
  1   4   1   5   2   4 22   +5.4728477e-16
  1   4   1   6   2   4 22   -4.4685615e-16
  1   4   2   3   2   4 22   +3.1727265e-16
  1   4   3   3   2   4 22   +4.4869130e-16
  1   5   1   5   2   4 22   +9.4868332e-01
  1   5   1   6   2   4 22   -7.7459669e-01
  1   5   2   3   2   4 22   +9.8010765e-16
  1   5   3   3   2   4 22   +1.3860815e-15
  2   3   1   5   2   4 22   -4.2566593e-16
  2   3   1   6   2   4 22   +3.4755477e-16
  2   3   2   3   2   4 22   -5.2704626e-01
  2   3   3   3   2   4 22   -7.4535596e-01
  1   2   1   2   2   2 22   -4.7140452e-01
  1   2   1   3   2   2 22   +3.3333334e-01
  1   3   1   3   2   2 22   -2.3570226e-01
  1   2   1   3   2   4 22   -7.4535596e-01
  1   3   1   3   2   4 22   +5.2704626e-01
  1   5   1   5   4   4 22   -2.4494897e-01
  1   5   1   6   4   4 22   +2.0000000e-01
  1   5   2   3   4   4 22   -3.5108334e-17
  1   5   3   3   4   4 22   -4.9650682e-17
  1   6   1   6   4   4 22   -1.6329932e-01
  1   6   2   3   4   4 22   +2.8665835e-17
  1   6   3   3   4   4 22   +4.0539612e-17
  2   3   2   3   4   4 22   -4.0824831e-01
  2   3   3   3   4   4 22   -5.7735026e-01
  3   3   3   3   4   4 22   -8.1649661e-01
  1   5   1   6   4   6 22   -7.4833149e-01
  1   6   1   6   4   6 22   +6.1101007e-01
  2   3   1   6   4   6 22   +3.1727265e-16
  3   3   1   6   4   6 22   +4.4869130e-16
  1   3   1   3   4   4 22   -1.2247449e+00
  1   6   1   6   6   6 22   -1.1547005e+00
  1   1   1   1   0   2 12   -1.7320508e+00
  1   1   1   4   0   2 12   +0.0000000e+00
  1   1   1   5   0   2 12   +0.0000000e+00
  1   1   2   2   0   2 12   +0.0000000e+00
  1   1   2   3   0   2 12   +0.0000000e+00
  1   1   3   2   0   2 12   +0.0000000e+00
  1   1   3   3   0   2 12   +0.0000000e+00
  1   1   4   1   0   2 12   +0.0000000e+00
  1   1   5   1   0   2 12   +0.0000000e+00
  1   4   1   1   0   2 12   +0.0000000e+00
  1   4   1   4   0   2 12   -1.7320508e+00
  1   4   1   5   0   2 12   -5.9291348e-16
  1   4   2   2   0   2 12   +0.0000000e+00
  1   4   2   3   0   2 12   +4.4869130e-16
  1   4   3   2   0   2 12   +4.4869130e-16
  1   4   3   3   0   2 12   +0.0000000e+00
  1   4   4   1   0   2 12   -7.7715612e-16
  1   4   5   1   0   2 12   -5.9291348e-16
  2   2   1   1   0   2 12   +0.0000000e+00
  2   2   1   4   0   2 12   +0.0000000e+00
  2   2   1   5   0   2 12   +0.0000000e+00
  2   2   2   2   0   2 12   +5.7735026e-01
  2   2   2   3   0   2 12   -8.1649661e-01
  2   2   3   2   0   2 12   +8.1649661e-01
  2   2   3   3   0   2 12   -5.5511151e-16
  2   2   4   1   0   2 12   +0.0000000e+00
  2   2   5   1   0   2 12   +0.0000000e+00
  3   3   1   1   0   2 12   +0.0000000e+00
  3   3   1   4   0   2 12   +0.0000000e+00
  3   3   1   5   0   2 12   +0.0000000e+00
  3   3   2   2   0   2 12   +4.4408921e-16
  3   3   2   3   0   2 12   -5.7735026e-01
  3   3   3   2   0   2 12   +5.7735026e-01
  3   3   3   3   0   2 12   -1.2909944e+00
  3   3   4   1   0   2 12   +0.0000000e+00
  3   3   5   1   0   2 12   +0.0000000e+00
  4   1   1   1   0   2 12   +0.0000000e+00
  4   1   1   4   0   2 12   -7.7715612e-16
  4   1   1   5   0   2 12   +5.9291348e-16
  4   1   2   2   0   2 12   +0.0000000e+00
  4   1   2   3   0   2 12   -4.4869130e-16
  4   1   3   2   0   2 12   -4.4869130e-16
  4   1   3   3   0   2 12   +0.0000000e+00
  4   1   4   1   0   2 12   -1.7320508e+00
  4   1   5   1   0   2 12   +5.9291348e-16
  1   2   1   2   0   2 12   -5.7735026e-01
  1   2   1   3   0   2 12   -8.1649661e-01
  1   2   2   1   0   2 12   +3.8857806e-16
  1   2   3   1   0   2 12   -4.9960036e-16
  2   1   1   2   0   2 12   +3.8857806e-16
  2   1   1   3   0   2 12   +4.9960036e-16
  2   1   2   1   0   2 12   -5.7735026e-01
  2   1   3   1   0   2 12   +8.1649661e-01
  1   1   1   1   2   2 12   +0.0000000e+00
  1   1   1   4   2   2 12   +0.0000000e+00
  1   1   1   5   2   2 12   +0.0000000e+00
  1   1   2   2   2   2 12   +0.0000000e+00
  1   1   2   3   2   2 12   +0.0000000e+00
  1   1   3   2   2   2 12   +0.0000000e+00
  1   1   3   3   2   2 12   +0.0000000e+00
  1   1   4   1   2   2 12   +0.0000000e+00
  1   1   5   1   2   2 12   +0.0000000e+00
  1   4   1   4   2   2 12   +0.0000000e+00
  1   4   1   5   2   2 12   +0.0000000e+00
  1   4   2   2   2   2 12   -1.6653345e-16
  1   4   2   3   2   2 12   +1.1775693e-16
  1   4   3   2   2   2 12   -1.1775693e-16
  1   4   3   3   2   2 12   -2.6331250e-16
  1   4   4   1   2   2 12   +0.0000000e+00
  1   4   5   1   2   2 12   +0.0000000e+00
  1   5   1   5   2   2 12   +0.0000000e+00
  1   5   2   2   2   2 12   -1.6024689e-16
  1   5   2   3   2   2 12   +1.1331166e-16
  1   5   3   2   2   2 12   -1.1331166e-16
  1   5   3   3   2   2 12   -2.5337257e-16
  1   5   4   1   2   2 12   +0.0000000e+00
  1   5   5   1   2   2 12   +0.0000000e+00
  2   2   2   2   2   2 12   +0.0000000e+00
  2   2   2   3   2   2 12   +3.3333334e-01
  2   2   3   2   2   2 12   +3.3333334e-01
  2   2   3   3   2   2 12   +0.0000000e+00
  2   2   4   1   2   2 12   +1.6653345e-16
  2   2   5   1   2   2 12   -1.6024689e-16
  2   3   2   3   2   2 12   -4.7140452e-01
  2   3   3   2   2   2 12   +5.5511151e-17
  2   3   3   3   2   2 12   +5.2704626e-01
  2   3   4   1   2   2 12   -1.1775693e-16
  2   3   5   1   2   2 12   +1.1331166e-16
  3   2   3   2   2   2 12   +4.7140452e-01
  3   2   3   3   2   2 12   +5.2704626e-01
  3   2   4   1   2   2 12   +1.1775693e-16
  3   2   5   1   2   2 12   -1.1331166e-16
  3   3   3   3   2   2 12   +0.0000000e+00
  3   3   4   1   2   2 12   +2.6331250e-16
  3   3   5   1   2   2 12   -2.5337257e-16
  4   1   4   1   2   2 12   +0.0000000e+00
  4   1   5   1   2   2 12   +0.0000000e+00
  5   1   5   1   2   2 12   +0.0000000e+00
  1   1   1   5   2   4 12   +0.0000000e+00
  1   1   1   6   2   4 12   +0.0000000e+00
  1   1   2   3   2   4 12   +0.0000000e+00
  1   1   3   2   2   4 12   +0.0000000e+00
  1   1   3   3   2   4 12   +0.0000000e+00
  1   1   5   1   2   4 12   +0.0000000e+00
  1   1   6   1   2   4 12   +0.0000000e+00
  1   4   1   5   2   4 12   -2.2381564e-16
  1   4   1   6   2   4 12   -2.7411704e-16
  1   4   2   3   2   4 12   +0.0000000e+00
  1   4   3   2   2   4 12   +0.0000000e+00
  1   4   3   3   2   4 12   +0.0000000e+00
  1   4   5   1   2   4 12   -2.2381564e-16
  1   4   6   1   2   4 12   +2.7411704e-16
  1   5   1   5   2   4 12   -6.3245553e-01
  1   5   1   6   2   4 12   -7.7459669e-01
  1   5   2   3   2   4 12   +4.5513124e-16
  1   5   3   2   2   4 12   -4.5513124e-16
  1   5   3   3   2   4 12   -4.5513124e-16
  1   5   5   1   2   4 12   -1.6653345e-16
  1   5   6   1   2   4 12   +2.7755576e-16
  2   2   1   5   2   4 12   +6.7735531e-16
  2   2   1   6   2   4 12   +3.2284224e-16
  2   2   2   3   2   4 12   -7.4535596e-01
  2   2   3   2   2   4 12   +7.4535596e-01
  2   2   3   3   2   4 12   +5.7688878e-16
  2   2   5   1   2   4 12   -6.7735531e-16
  2   2   6   1   2   4 12   +3.2284224e-16
  2   3   1   5   2   4 12   +1.2099062e-16
  2   3   1   6   2   4 12   +5.0650559e-16
  2   3   2   3   2   4 12   -1.2819751e-16
  2   3   3   2   2   4 12   +1.2819751e-16
  2   3   3   3   2   4 12   +5.2704626e-01
  2   3   5   1   2   4 12   +1.6865313e-16
  2   3   6   1   2   4 12   +1.5176588e-16
  3   2   1   5   2   4 12   +1.6865313e-16
  3   2   1   6   2   4 12   -1.5176588e-16
  3   2   2   3   2   4 12   +1.2819751e-16
  3   2   3   2   2   4 12   -1.2819751e-16
  3   2   3   3   2   4 12   -5.2704626e-01
  3   2   5   1   2   4 12   +1.2099062e-16
  3   2   6   1   2   4 12   -5.0650559e-16
  3   3   1   5   2   4 12   +2.5682918e-16
  3   3   1   6   2   4 12   -4.8668422e-16
  3   3   2   3   2   4 12   -2.3570226e-01
  3   3   3   2   2   4 12   +2.3570226e-01
  3   3   3   3   2   4 12   -9.4280905e-01
  3   3   5   1   2   4 12   -2.5682918e-16
  3   3   6   1   2   4 12   -4.8668422e-16
  4   1   1   5   2   4 12   +2.2381564e-16
  4   1   1   6   2   4 12   +2.7411704e-16
  4   1   2   3   2   4 12   +0.0000000e+00
  4   1   3   2   2   4 12   +0.0000000e+00
  4   1   3   3   2   4 12   +0.0000000e+00
  4   1   5   1   2   4 12   +2.2381564e-16
  4   1   6   1   2   4 12   -2.7411704e-16
  5   1   1   5   2   4 12   -1.6653345e-16
  5   1   1   6   2   4 12   -2.7755576e-16
  5   1   2   3   2   4 12   -4.5513124e-16
  5   1   3   2   2   4 12   +4.5513124e-16
  5   1   3   3   2   4 12   +4.5513124e-16
  5   1   5   1   2   4 12   -6.3245553e-01
  5   1   6   1   2   4 12   +7.7459669e-01
  1   2   1   2   2   2 12   +9.4280905e-01
  1   2   1   3   2   2 12   +3.3333334e-01
  1   2   2   1   2   2 12   +5.5511151e-17
  1   2   3   1   2   2 12   +1.6653345e-16
  1   3   1   3   2   2 12   -9.4280905e-01
  1   3   2   1   2   2 12   +2.2204460e-16
  1   3   3   1   2   2 12   +1.1102230e-16
  2   1   2   1   2   2 12   -9.4280905e-01
  2   1   3   1   2   2 12   +3.3333334e-01
  3   1   3   1   2   2 12   +9.4280905e-01
  1   2   1   3   2   4 12   -7.4535596e-01
  1   2   3   1   2   4 12   -7.7715612e-16
  1   3   1   3   2   4 12   -1.0540925e+00
  1   3   3   1   2   4 12   -1.1102230e-15
  2   1   1   3   2   4 12   +7.7715612e-16
  2   1   3   1   2   4 12   +7.4535596e-01
  3   1   1   3   2   4 12   -1.1102230e-15
  3   1   3   1   2   4 12   -1.0540925e+00
  1   5   1   5   4   4 12   +9.7979587e-01
  1   5   1   6   4   4 12   +2.0000000e-01
  1   5   2   3   4   4 12   -1.3175374e-16
  1   5   3   2   4   4 12   +5.7860990e-16
  1   5   3   3   4   4 12   -4.0079412e-17
  1   5   5   1   4   4 12   +5.5511151e-17
  1   5   6   1   4   4 12   -1.3877788e-16
  1   6   1   6   4   4 12   -9.7979587e-01
  1   6   2   3   4   4 12   +2.9470592e-16
  1   6   3   2   4   4 12   +2.5257885e-16
  1   6   3   3   4   4 12   -5.0515769e-16
  1   6   5   1   4   4 12   -1.1102230e-16
  1   6   6   1   4   4 12   +5.5511151e-17
  2   3   2   3   4   4 12   -8.1649661e-01
  2   3   3   2   4   4 12   -5.5511151e-17
  2   3   3   3   4   4 12   +4.0824831e-01
  2   3   5   1   4   4 12   -5.7860990e-16
  2   3   6   1   4   4 12   +2.5257885e-16
  3   2   3   2   4   4 12   +8.1649661e-01
  3   2   3   3   4   4 12   +4.0824831e-01
  3   2   5   1   4   4 12   +1.3175374e-16
  3   2   6   1   4   4 12   +2.9470592e-16
  3   3   3   3   4   4 12   +0.0000000e+00
  3   3   5   1   4   4 12   -4.0079412e-17
  3   3   6   1   4   4 12   +5.0515769e-16
  5   1   5   1   4   4 12   -9.7979587e-01
  5   1   6   1   4   4 12   +2.0000000e-01
  6   1   6   1   4   4 12   +9.7979587e-01
  1   5   1   6   4   6 12   -7.4833149e-01
  1   5   3   3   4   6 12   -1.1936834e-15
  1   5   6   1   4   6 12   +2.7755576e-16
  1   6   1   6   4   6 12   -9.1651511e-01
  1   6   3   3   4   6 12   -1.4619576e-15
  1   6   6   1   4   6 12   +2.7755576e-16
  2   3   1   6   4   6 12   +1.0896789e-15
  2   3   3   3   4   6 12   +6.8313003e-01
  2   3   6   1   4   6 12   +1.0896789e-15
  3   2   1   6   4   6 12   -1.0896789e-15
  3   2   3   3   4   6 12   -6.8313003e-01
  3   2   6   1   4   6 12   -1.0896789e-15
  3   3   1   6   4   6 12   -1.0896789e-15
  3   3   3   3   4   6 12   -6.8313003e-01
  3   3   6   1   4   6 12   -1.0896789e-15
  5   1   1   6   4   6 12   -2.7755576e-16
  5   1   3   3   4   6 12   +1.1936834e-15
  5   1   6   1   4   6 12   +7.4833149e-01
  6   1   1   6   4   6 12   +2.7755576e-16
  6   1   3   3   4   6 12   -1.4619576e-15
  6   1   6   1   4   6 12   -9.1651511e-01
  1   3   1   3   4   4 12   +0.0000000e+00
  1   3   3   1   4   4 12   +0.0000000e+00
  3   1   3   1   4   4 12   +0.0000000e+00
  1   6   1   6   6   6 12   +0.0000000e+00
  1   6   3   3   6   6 12   +0.0000000e+00
  1   6   6   1   6   6 12   +0.0000000e+00
  3   3   3   3   6   6 12   +0.0000000e+00
  3   3   6   1   6   6 12   +0.0000000e+00
  6   1   6   1   6   6 12   +0.0000000e+00
