# RELATIVE-CM LSJT
#   version
#   J0 g0 T0_min T0_max symmetry_phase_mode  [P0=(-)^g0]
#   Nmax
#   T0   Nr' lr' Nc' lc' L' S' J' T' g'   Nr lr Nc lc L S J T g   JT-RME
 1
 0 0 0 2 0
 2
   0      1   1   1   1   0   0   0   0   0        1   1   1   1   0   0   0   0   0      0.00000000e+00
   0      0   0   0   0   0   0   0   1   0        0   0   0   0   0   0   0   1   0      2.65961521e-01
   0      0   0   0   0   0   0   0   1   0        0   0   2   0   0   0   0   1   0      0.00000000e+00
   0      0   0   0   0   0   0   0   1   0        2   0   0   0   0   0   0   1   0      1.08578337e-01
   0      0   0   2   0   0   0   0   1   0        0   0   2   0   0   0   0   1   0      2.65961521e-01
   0      0   0   2   0   0   0   0   1   0        2   0   0   0   0   0   0   1   0      0.00000000e+00
   0      2   0   0   0   0   0   0   1   0        2   0   0   0   0   0   0   1   0      2.21634601e-01
   0      0   0   0   0   0   0   0   1   0        1   1   1   1   1   1   0   1   0      0.00000000e+00
   0      0   0   2   0   0   0   0   1   0        1   1   1   1   1   1   0   1   0      0.00000000e+00
   0      2   0   0   0   0   0   0   1   0        1   1   1   1   1   1   0   1   0      0.00000000e+00
   0      0   0   0   0   0   1   1   0   0        0   0   0   0   0   1   1   0   0      0.00000000e+00
   0      0   0   0   0   0   1   1   0   0        0   0   2   0   0   1   1   0   0      0.00000000e+00
   0      0   0   0   0   0   1   1   0   0        2   0   0   0   0   1   1   0   0      0.00000000e+00
   0      0   0   2   0   0   1   1   0   0        0   0   2   0   0   1   1   0   0      0.00000000e+00
   0      0   0   2   0   0   1   1   0   0        2   0   0   0   0   1   1   0   0      0.00000000e+00
   0      2   0   0   0   0   1   1   0   0        2   0   0   0   0   1   1   0   0      0.00000000e+00
   0      0   0   0   0   0   1   1   0   0        1   1   1   1   1   0   1   0   0      0.00000000e+00
   0      0   0   2   0   0   1   1   0   0        1   1   1   1   1   0   1   0   0      0.00000000e+00
   0      2   0   0   0   0   1   1   0   0        1   1   1   1   1   0   1   0   0      0.00000000e+00
   0      0   0   0   0   0   1   1   0   0        0   0   2   2   2   1   1   0   0      0.00000000e+00
   0      0   0   0   0   0   1   1   0   0        2   2   0   0   2   1   1   0   0      0.00000000e+00
   0      0   0   2   0   0   1   1   0   0        0   0   2   2   2   1   1   0   0      0.00000000e+00
   0      0   0   2   0   0   1   1   0   0        2   2   0   0   2   1   1   0   0      0.00000000e+00
   0      2   0   0   0   0   1   1   0   0        0   0   2   2   2   1   1   0   0      0.00000000e+00
   0      2   0   0   0   0   1   1   0   0        2   2   0   0   2   1   1   0   0      0.00000000e+00
   0      1   1   1   1   0   1   1   1   0        1   1   1   1   0   1   1   1   0      1.77307680e-01
   0      1   1   1   1   0   1   1   1   0        1   1   1   1   1   1   1   1   0      -1.71069601e-18
   0      1   1   1   1   0   1   1   1   0        1   1   1   1   2   1   1   1   0      -1.08718719e-17
   0      1   1   1   1   1   0   1   0   0        1   1   1   1   1   0   1   0   0      0.00000000e+00
   0      1   1   1   1   1   0   1   0   0        0   0   2   2   2   1   1   0   0      0.00000000e+00
   0      1   1   1   1   1   0   1   0   0        2   2   0   0   2   1   1   0   0      0.00000000e+00
   0      1   1   0   0   1   0   1   0   1        1   1   0   0   1   0   1   0   1      0.00000000e+00
   0      1   1   0   0   1   0   1   0   1        0   0   1   1   1   1   1   0   1      0.00000000e+00
   0      0   0   1   1   1   0   1   1   1        0   0   1   1   1   0   1   1   1      2.65961521e-01
   0      0   0   1   1   1   0   1   1   1        1   1   0   0   1   1   1   1   1      0.00000000e+00
   0      0   0   1   1   1   1   0   0   1        0   0   1   1   1   1   0   0   1      0.00000000e+00
   0      1   1   1   1   1   1   0   1   0        1   1   1   1   1   1   0   1   0      1.77307680e-01
   0      1   1   0   0   1   1   0   1   1        1   1   0   0   1   1   0   1   1      1.77307680e-01
   0      0   0   1   1   1   1   1   0   1        0   0   1   1   1   1   1   0   1      0.00000000e+00
   0      1   1   1   1   1   1   1   1   0        1   1   1   1   1   1   1   1   0      1.77307680e-01
   0      1   1   1   1   1   1   1   1   0        1   1   1   1   2   1   1   1   0      3.94278414e-18
   0      1   1   0   0   1   1   1   1   1        1   1   0   0   1   1   1   1   1      1.77307680e-01
   0      0   0   1   1   1   1   2   0   1        0   0   1   1   1   1   2   0   1      0.00000000e+00
   0      1   1   1   1   1   1   2   1   0        1   1   1   1   1   1   2   1   0      1.77307680e-01
   0      1   1   1   1   1   1   2   1   0        0   0   2   2   2   0   2   1   0      0.00000000e+00
   0      1   1   1   1   1   1   2   1   0        2   2   0   0   2   0   2   1   0      0.00000000e+00
   0      1   1   1   1   1   1   2   1   0        1   1   1   1   2   1   2   1   0      -1.07077730e-17
   0      1   1   0   0   1   1   2   1   1        1   1   0   0   1   1   2   1   1      1.77307680e-01
   0      1   1   1   1   2   0   2   0   0        1   1   1   1   2   0   2   0   0      0.00000000e+00
   0      1   1   1   1   2   0   2   0   0        0   0   2   2   2   1   2   0   0      0.00000000e+00
   0      1   1   1   1   2   0   2   0   0        2   2   0   0   2   1   2   0   0      0.00000000e+00
   0      0   0   2   2   2   0   2   1   0        0   0   2   2   2   0   2   1   0      2.65961521e-01
   0      0   0   2   2   2   0   2   1   0        2   2   0   0   2   0   2   1   0      0.00000000e+00
   0      2   2   0   0   2   0   2   1   0        2   2   0   0   2   0   2   1   0      1.41846144e-01
   0      0   0   2   2   2   0   2   1   0        1   1   1   1   2   1   2   1   0      0.00000000e+00
   0      2   2   0   0   2   0   2   1   0        1   1   1   1   2   1   2   1   0      0.00000000e+00
   0      0   0   2   2   2   1   1   0   0        0   0   2   2   2   1   1   0   0      0.00000000e+00
   0      0   0   2   2   2   1   1   0   0        2   2   0   0   2   1   1   0   0      0.00000000e+00
   0      2   2   0   0   2   1   1   0   0        2   2   0   0   2   1   1   0   0      0.00000000e+00
   0      1   1   1   1   2   1   1   1   0        1   1   1   1   2   1   1   1   0      1.77307680e-01
   0      0   0   2   2   2   1   2   0   0        0   0   2   2   2   1   2   0   0      0.00000000e+00
   0      0   0   2   2   2   1   2   0   0        2   2   0   0   2   1   2   0   0      0.00000000e+00
   0      2   2   0   0   2   1   2   0   0        2   2   0   0   2   1   2   0   0      0.00000000e+00
   0      1   1   1   1   2   1   2   1   0        1   1   1   1   2   1   2   1   0      1.77307680e-01
   0      0   0   2   2   2   1   3   0   0        0   0   2   2   2   1   3   0   0      0.00000000e+00
   0      0   0   2   2   2   1   3   0   0        2   2   0   0   2   1   3   0   0      0.00000000e+00
   0      2   2   0   0   2   1   3   0   0        2   2   0   0   2   1   3   0   0      0.00000000e+00
   0      1   1   1   1   2   1   3   1   0        1   1   1   1   2   1   3   1   0      1.77307680e-01
   1      1   1   1   1   0   0   0   0   0        0   0   0   0   0   0   0   1   0      0.00000000e+00
   1      1   1   1   1   0   0   0   0   0        0   0   2   0   0   0   0   1   0      0.00000000e+00
   1      1   1   1   1   0   0   0   0   0        2   0   0   0   0   0   0   1   0      0.00000000e+00
   1      1   1   1   1   0   0   0   0   0        1   1   1   1   1   1   0   1   0      0.00000000e+00
   1      0   0   0   0   0   0   0   1   0        0   0   0   0   0   0   0   1   0      5.64189585e-01
   1      0   0   0   0   0   0   0   1   0        0   0   2   0   0   0   0   1   0      0.00000000e+00
   1      0   0   0   0   0   0   0   1   0        2   0   0   0   0   0   0   1   0      2.30329435e-01
   1      0   0   2   0   0   0   0   1   0        0   0   2   0   0   0   0   1   0      5.64189585e-01
   1      0   0   2   0   0   0   0   1   0        2   0   0   0   0   0   0   1   0      0.00000000e+00
   1      2   0   0   0   0   0   0   1   0        2   0   0   0   0   0   0   1   0      4.70157988e-01
   1      0   0   0   0   0   0   0   1   0        1   1   1   1   1   1   0   1   0      0.00000000e+00
   1      0   0   2   0   0   0   0   1   0        1   1   1   1   1   1   0   1   0      0.00000000e+00
   1      2   0   0   0   0   0   0   1   0        1   1   1   1   1   1   0   1   0      0.00000000e+00
   1      0   0   0   0   0   1   1   0   0        1   1   1   1   0   1   1   1   0      0.00000000e+00
   1      0   0   2   0   0   1   1   0   0        1   1   1   1   0   1   1   1   0      0.00000000e+00
   1      2   0   0   0   0   1   1   0   0        1   1   1   1   0   1   1   1   0      0.00000000e+00
   1      0   0   0   0   0   1   1   0   0        1   1   1   1   1   1   1   1   0      0.00000000e+00
   1      0   0   2   0   0   1   1   0   0        1   1   1   1   1   1   1   1   0      0.00000000e+00
   1      2   0   0   0   0   1   1   0   0        1   1   1   1   1   1   1   1   0      0.00000000e+00
   1      0   0   0   0   0   1   1   0   0        1   1   1   1   2   1   1   1   0      0.00000000e+00
   1      0   0   2   0   0   1   1   0   0        1   1   1   1   2   1   1   1   0      0.00000000e+00
   1      2   0   0   0   0   1   1   0   0        1   1   1   1   2   1   1   1   0      0.00000000e+00
   1      1   1   1   1   0   1   1   1   0        1   1   1   1   0   1   1   1   0      3.76126389e-01
   1      1   1   1   1   0   1   1   1   0        1   1   1   1   1   0   1   0   0      0.00000000e+00
   1      1   1   1   1   0   1   1   1   0        1   1   1   1   1   1   1   1   0      1.59959768e-17
   1      1   1   1   1   0   1   1   1   0        0   0   2   2   2   1   1   0   0      0.00000000e+00
   1      1   1   1   1   0   1   1   1   0        2   2   0   0   2   1   1   0   0      0.00000000e+00
   1      1   1   1   1   0   1   1   1   0        1   1   1   1   2   1   1   1   0      -5.51636182e-17
   1      1   1   1   1   1   0   1   0   0        1   1   1   1   1   1   1   1   0      0.00000000e+00
   1      1   1   1   1   1   0   1   0   0        1   1   1   1   2   1   1   1   0      0.00000000e+00
   1      1   1   0   0   1   0   1   0   1        0   0   1   1   1   0   1   1   1      0.00000000e+00
   1      1   1   0   0   1   0   1   0   1        1   1   0   0   1   1   1   1   1      0.00000000e+00
   1      0   0   1   1   1   0   1   1   1        0   0   1   1   1   0   1   1   1      5.64189585e-01
   1      0   0   1   1   1   0   1   1   1        0   0   1   1   1   1   1   0   1      0.00000000e+00
   1      0   0   1   1   1   0   1   1   1        1   1   0   0   1   1   1   1   1      0.00000000e+00
   1      0   0   1   1   1   1   0   0   1        1   1   0   0   1   1   0   1   1      0.00000000e+00
   1      1   1   1   1   1   1   0   1   0        1   1   1   1   1   1   0   1   0      3.76126389e-01
   1      1   1   0   0   1   1   0   1   1        1   1   0   0   1   1   0   1   1      3.76126389e-01
   1      0   0   1   1   1   1   1   0   1        1   1   0   0   1   1   1   1   1      0.00000000e+00
   1      1   1   1   1   1   1   1   1   0        1   1   1   1   1   1   1   1   0      3.76126389e-01
   1      1   1   1   1   1   1   1   1   0        0   0   2   2   2   1   1   0   0      0.00000000e+00
   1      1   1   1   1   1   1   1   1   0        2   2   0   0   2   1   1   0   0      0.00000000e+00
   1      1   1   1   1   1   1   1   1   0        1   1   1   1   2   1   1   1   0      4.34792922e-17
   1      1   1   0   0   1   1   1   1   1        1   1   0   0   1   1   1   1   1      3.76126389e-01
   1      0   0   1   1   1   1   2   0   1        1   1   0   0   1   1   2   1   1      0.00000000e+00
   1      1   1   1   1   1   1   2   1   0        1   1   1   1   1   1   2   1   0      3.76126389e-01
   1      1   1   1   1   1   1   2   1   0        1   1   1   1   2   0   2   0   0      0.00000000e+00
   1      1   1   1   1   1   1   2   1   0        0   0   2   2   2   0   2   1   0      0.00000000e+00
   1      1   1   1   1   1   1   2   1   0        2   2   0   0   2   0   2   1   0      0.00000000e+00
   1      1   1   1   1   1   1   2   1   0        0   0   2   2   2   1   2   0   0      0.00000000e+00
   1      1   1   1   1   1   1   2   1   0        2   2   0   0   2   1   2   0   0      0.00000000e+00
   1      1   1   1   1   1   1   2   1   0        1   1   1   1   2   1   2   1   0      -1.93473007e-17
   1      1   1   0   0   1   1   2   1   1        1   1   0   0   1   1   2   1   1      3.76126389e-01
   1      1   1   1   1   2   0   2   0   0        0   0   2   2   2   0   2   1   0      0.00000000e+00
   1      1   1   1   1   2   0   2   0   0        2   2   0   0   2   0   2   1   0      0.00000000e+00
   1      1   1   1   1   2   0   2   0   0        1   1   1   1   2   1   2   1   0      0.00000000e+00
   1      0   0   2   2   2   0   2   1   0        0   0   2   2   2   0   2   1   0      5.64189585e-01
   1      0   0   2   2   2   0   2   1   0        2   2   0   0   2   0   2   1   0      0.00000000e+00
   1      2   2   0   0   2   0   2   1   0        2   2   0   0   2   0   2   1   0      3.00901111e-01
   1      0   0   2   2   2   0   2   1   0        0   0   2   2   2   1   2   0   0      0.00000000e+00
   1      0   0   2   2   2   0   2   1   0        2   2   0   0   2   1   2   0   0      0.00000000e+00
   1      2   2   0   0   2   0   2   1   0        0   0   2   2   2   1   2   0   0      0.00000000e+00
   1      2   2   0   0   2   0   2   1   0        2   2   0   0   2   1   2   0   0      0.00000000e+00
   1      0   0   2   2   2   0   2   1   0        1   1   1   1   2   1   2   1   0      0.00000000e+00
   1      2   2   0   0   2   0   2   1   0        1   1   1   1   2   1   2   1   0      0.00000000e+00
   1      0   0   2   2   2   1   1   0   0        1   1   1   1   2   1   1   1   0      0.00000000e+00
   1      2   2   0   0   2   1   1   0   0        1   1   1   1   2   1   1   1   0      0.00000000e+00
   1      1   1   1   1   2   1   1   1   0        1   1   1   1   2   1   1   1   0      3.76126389e-01
   1      0   0   2   2   2   1   2   0   0        1   1   1   1   2   1   2   1   0      0.00000000e+00
   1      2   2   0   0   2   1   2   0   0        1   1   1   1   2   1   2   1   0      0.00000000e+00
   1      1   1   1   1   2   1   2   1   0        1   1   1   1   2   1   2   1   0      3.76126389e-01
   1      0   0   2   2   2   1   3   0   0        1   1   1   1   2   1   3   1   0      0.00000000e+00
   1      2   2   0   0   2   1   3   0   0        1   1   1   1   2   1   3   1   0      0.00000000e+00
   1      1   1   1   1   2   1   3   1   0        1   1   1   1   2   1   3   1   0      3.76126389e-01
   2      0   0   0   0   0   0   0   1   0        0   0   0   0   0   0   0   1   0      4.20522088e-01
   2      0   0   0   0   0   0   0   1   0        0   0   2   0   0   0   0   1   0      0.00000000e+00
   2      0   0   0   0   0   0   0   1   0        2   0   0   0   0   0   0   1   0      1.71677424e-01
   2      0   0   2   0   0   0   0   1   0        0   0   2   0   0   0   0   1   0      4.20522088e-01
   2      0   0   2   0   0   0   0   1   0        2   0   0   0   0   0   0   1   0      0.00000000e+00
   2      2   0   0   0   0   0   0   1   0        2   0   0   0   0   0   0   1   0      3.50435074e-01
   2      0   0   0   0   0   0   0   1   0        1   1   1   1   1   1   0   1   0      0.00000000e+00
   2      0   0   2   0   0   0   0   1   0        1   1   1   1   1   1   0   1   0      0.00000000e+00
   2      2   0   0   0   0   0   0   1   0        1   1   1   1   1   1   0   1   0      0.00000000e+00
   2      1   1   1   1   0   1   1   1   0        1   1   1   1   0   1   1   1   0      2.80348058e-01
   2      1   1   1   1   0   1   1   1   0        1   1   1   1   1   1   1   1   0      1.76094798e-17
   2      1   1   1   1   0   1   1   1   0        1   1   1   1   2   1   1   1   0      -3.43495023e-17
   2      0   0   1   1   1   0   1   1   1        0   0   1   1   1   0   1   1   1      4.20522088e-01
   2      0   0   1   1   1   0   1   1   1        1   1   0   0   1   1   1   1   1      0.00000000e+00
   2      1   1   1   1   1   1   0   1   0        1   1   1   1   1   1   0   1   0      2.80348058e-01
   2      1   1   0   0   1   1   0   1   1        1   1   0   0   1   1   0   1   1      2.80348058e-01
   2      1   1   1   1   1   1   1   1   0        1   1   1   1   1   1   1   1   0      2.80348058e-01
   2      1   1   1   1   1   1   1   1   0        1   1   1   1   2   1   1   1   0      8.25031944e-18
   2      1   1   0   0   1   1   1   1   1        1   1   0   0   1   1   1   1   1      2.80348058e-01
   2      1   1   1   1   1   1   2   1   0        1   1   1   1   1   1   2   1   0      2.80348058e-01
   2      1   1   1   1   1   1   2   1   0        0   0   2   2   2   0   2   1   0      0.00000000e+00
   2      1   1   1   1   1   1   2   1   0        2   2   0   0   2   0   2   1   0      0.00000000e+00
   2      1   1   1   1   1   1   2   1   0        1   1   1   1   2   1   2   1   0      -1.46784207e-17
   2      1   1   0   0   1   1   2   1   1        1   1   0   0   1   1   2   1   1      2.80348058e-01
   2      0   0   2   2   2   0   2   1   0        0   0   2   2   2   0   2   1   0      4.20522088e-01
   2      0   0   2   2   2   0   2   1   0        2   2   0   0   2   0   2   1   0      0.00000000e+00
   2      2   2   0   0   2   0   2   1   0        2   2   0   0   2   0   2   1   0      2.24278446e-01
   2      0   0   2   2   2   0   2   1   0        1   1   1   1   2   1   2   1   0      0.00000000e+00
   2      2   2   0   0   2   0   2   1   0        1   1   1   1   2   1   2   1   0      0.00000000e+00
   2      1   1   1   1   2   1   1   1   0        1   1   1   1   2   1   1   1   0      2.80348058e-01
   2      1   1   1   1   2   1   2   1   0        1   1   1   1   2   1   2   1   0      2.80348058e-01
   2      1   1   1   1   2   1   3   1   0        1   1   1   1   2   1   3   1   0      2.80348058e-01
