# RELATIVE LSJT
#   version
#   J0 g0 T0_min T0_max symmetry_phase_mode  [P0=(-)^g0]
#   Nmax Jmax
#   T0   N' L' S' J' T'   N L S J T   JT-RME
 1
 0 0 0 2 0
 6 7
   0      0   0   0   0   1      0   0   0   0   1    7.50000000000000e-01
   0      0   0   0   0   1      2   0   0   0   1    6.12372435695794e-01
   0      0   0   0   0   1      4   0   0   0   1    0.00000000000000e+00
   0      0   0   0   0   1      6   0   0   0   1    0.00000000000000e+00
   0      2   0   0   0   1      2   0   0   0   1    1.75000000000000e+00
   0      2   0   0   0   1      4   0   0   0   1    1.11803398874989e+00
   0      2   0   0   0   1      6   0   0   0   1    0.00000000000000e+00
   0      4   0   0   0   1      4   0   0   0   1    2.75000000000000e+00
   0      4   0   0   0   1      6   0   0   0   1    1.62018517460197e+00
   0      6   0   0   0   1      6   0   0   0   1    3.75000000000000e+00
   0      0   0   1   1   0      0   0   1   1   0    7.50000000000000e-01
   0      0   0   1   1   0      2   0   1   1   0    6.12372435695794e-01
   0      0   0   1   1   0      4   0   1   1   0    0.00000000000000e+00
   0      0   0   1   1   0      6   0   1   1   0    0.00000000000000e+00
   0      2   0   1   1   0      2   0   1   1   0    1.75000000000000e+00
   0      2   0   1   1   0      4   0   1   1   0    1.11803398874989e+00
   0      2   0   1   1   0      6   0   1   1   0    0.00000000000000e+00
   0      4   0   1   1   0      4   0   1   1   0    2.75000000000000e+00
   0      4   0   1   1   0      6   0   1   1   0    1.62018517460197e+00
   0      6   0   1   1   0      6   0   1   1   0    3.75000000000000e+00
   0      0   0   1   1   0      2   2   1   1   0    0.00000000000000e+00
   0      0   0   1   1   0      4   2   1   1   0    0.00000000000000e+00
   0      0   0   1   1   0      6   2   1   1   0    0.00000000000000e+00
   0      2   0   1   1   0      2   2   1   1   0    0.00000000000000e+00
   0      2   0   1   1   0      4   2   1   1   0    0.00000000000000e+00
   0      2   0   1   1   0      6   2   1   1   0    0.00000000000000e+00
   0      4   0   1   1   0      2   2   1   1   0    0.00000000000000e+00
   0      4   0   1   1   0      4   2   1   1   0    0.00000000000000e+00
   0      4   0   1   1   0      6   2   1   1   0    0.00000000000000e+00
   0      6   0   1   1   0      2   2   1   1   0    0.00000000000000e+00
   0      6   0   1   1   0      4   2   1   1   0    0.00000000000000e+00
   0      6   0   1   1   0      6   2   1   1   0    0.00000000000000e+00
   0      1   1   0   1   0      1   1   0   1   0    1.25000000000000e+00
   0      1   1   0   1   0      3   1   0   1   0    7.90569415042095e-01
   0      1   1   0   1   0      5   1   0   1   0    0.00000000000000e+00
   0      3   1   0   1   0      3   1   0   1   0    2.25000000000000e+00
   0      3   1   0   1   0      5   1   0   1   0    1.32287565553230e+00
   0      5   1   0   1   0      5   1   0   1   0    3.25000000000000e+00
   0      1   1   1   0   1      1   1   1   0   1    1.25000000000000e+00
   0      1   1   1   0   1      3   1   1   0   1    7.90569415042095e-01
   0      1   1   1   0   1      5   1   1   0   1    0.00000000000000e+00
   0      3   1   1   0   1      3   1   1   0   1    2.25000000000000e+00
   0      3   1   1   0   1      5   1   1   0   1    1.32287565553230e+00
   0      5   1   1   0   1      5   1   1   0   1    3.25000000000000e+00
   0      1   1   1   1   1      1   1   1   1   1    1.25000000000000e+00
   0      1   1   1   1   1      3   1   1   1   1    7.90569415042095e-01
   0      1   1   1   1   1      5   1   1   1   1    0.00000000000000e+00
   0      3   1   1   1   1      3   1   1   1   1    2.25000000000000e+00
   0      3   1   1   1   1      5   1   1   1   1    1.32287565553230e+00
   0      5   1   1   1   1      5   1   1   1   1    3.25000000000000e+00
   0      1   1   1   2   1      1   1   1   2   1    1.25000000000000e+00
   0      1   1   1   2   1      3   1   1   2   1    7.90569415042095e-01
   0      1   1   1   2   1      5   1   1   2   1    0.00000000000000e+00
   0      3   1   1   2   1      3   1   1   2   1    2.25000000000000e+00
   0      3   1   1   2   1      5   1   1   2   1    1.32287565553230e+00
   0      5   1   1   2   1      5   1   1   2   1    3.25000000000000e+00
   0      1   1   1   2   1      3   3   1   2   1    0.00000000000000e+00
   0      1   1   1   2   1      5   3   1   2   1    0.00000000000000e+00
   0      3   1   1   2   1      3   3   1   2   1    0.00000000000000e+00
   0      3   1   1   2   1      5   3   1   2   1    0.00000000000000e+00
   0      5   1   1   2   1      3   3   1   2   1    0.00000000000000e+00
   0      5   1   1   2   1      5   3   1   2   1    0.00000000000000e+00
   0      2   2   0   2   1      2   2   0   2   1    1.75000000000000e+00
   0      2   2   0   2   1      4   2   0   2   1    9.35414346693485e-01
   0      2   2   0   2   1      6   2   0   2   1    0.00000000000000e+00
   0      4   2   0   2   1      4   2   0   2   1    2.75000000000000e+00
   0      4   2   0   2   1      6   2   0   2   1    1.50000000000000e+00
   0      6   2   0   2   1      6   2   0   2   1    3.75000000000000e+00
   0      2   2   1   1   0      2   2   1   1   0    1.75000000000000e+00
   0      2   2   1   1   0      4   2   1   1   0    9.35414346693485e-01
   0      2   2   1   1   0      6   2   1   1   0    0.00000000000000e+00
   0      4   2   1   1   0      4   2   1   1   0    2.75000000000000e+00
   0      4   2   1   1   0      6   2   1   1   0    1.50000000000000e+00
   0      6   2   1   1   0      6   2   1   1   0    3.75000000000000e+00
   0      2   2   1   2   0      2   2   1   2   0    1.75000000000000e+00
   0      2   2   1   2   0      4   2   1   2   0    9.35414346693485e-01
   0      2   2   1   2   0      6   2   1   2   0    0.00000000000000e+00
   0      4   2   1   2   0      4   2   1   2   0    2.75000000000000e+00
   0      4   2   1   2   0      6   2   1   2   0    1.50000000000000e+00
   0      6   2   1   2   0      6   2   1   2   0    3.75000000000000e+00
   0      2   2   1   3   0      2   2   1   3   0    1.75000000000000e+00
   0      2   2   1   3   0      4   2   1   3   0    9.35414346693485e-01
   0      2   2   1   3   0      6   2   1   3   0    0.00000000000000e+00
   0      4   2   1   3   0      4   2   1   3   0    2.75000000000000e+00
   0      4   2   1   3   0      6   2   1   3   0    1.50000000000000e+00
   0      6   2   1   3   0      6   2   1   3   0    3.75000000000000e+00
   0      2   2   1   3   0      4   4   1   3   0    0.00000000000000e+00
   0      2   2   1   3   0      6   4   1   3   0    0.00000000000000e+00
   0      4   2   1   3   0      4   4   1   3   0    0.00000000000000e+00
   0      4   2   1   3   0      6   4   1   3   0    0.00000000000000e+00
   0      6   2   1   3   0      4   4   1   3   0    0.00000000000000e+00
   0      6   2   1   3   0      6   4   1   3   0    0.00000000000000e+00
   0      3   3   0   3   0      3   3   0   3   0    2.25000000000000e+00
   0      3   3   0   3   0      5   3   0   3   0    1.06066017177982e+00
   0      5   3   0   3   0      5   3   0   3   0    3.25000000000000e+00
   0      3   3   1   2   1      3   3   1   2   1    2.25000000000000e+00
   0      3   3   1   2   1      5   3   1   2   1    1.06066017177982e+00
   0      5   3   1   2   1      5   3   1   2   1    3.25000000000000e+00
   0      3   3   1   3   1      3   3   1   3   1    2.25000000000000e+00
   0      3   3   1   3   1      5   3   1   3   1    1.06066017177982e+00
   0      5   3   1   3   1      5   3   1   3   1    3.25000000000000e+00
   0      3   3   1   4   1      3   3   1   4   1    2.25000000000000e+00
   0      3   3   1   4   1      5   3   1   4   1    1.06066017177982e+00
   0      5   3   1   4   1      5   3   1   4   1    3.25000000000000e+00
   0      3   3   1   4   1      5   5   1   4   1    0.00000000000000e+00
   0      5   3   1   4   1      5   5   1   4   1    0.00000000000000e+00
   0      4   4   0   4   1      4   4   0   4   1    2.75000000000000e+00
   0      4   4   0   4   1      6   4   0   4   1    1.17260393995586e+00
   0      6   4   0   4   1      6   4   0   4   1    3.75000000000000e+00
   0      4   4   1   3   0      4   4   1   3   0    2.75000000000000e+00
   0      4   4   1   3   0      6   4   1   3   0    1.17260393995586e+00
   0      6   4   1   3   0      6   4   1   3   0    3.75000000000000e+00
   0      4   4   1   4   0      4   4   1   4   0    2.75000000000000e+00
   0      4   4   1   4   0      6   4   1   4   0    1.17260393995586e+00
   0      6   4   1   4   0      6   4   1   4   0    3.75000000000000e+00
   0      4   4   1   5   0      4   4   1   5   0    2.75000000000000e+00
   0      4   4   1   5   0      6   4   1   5   0    1.17260393995586e+00
   0      6   4   1   5   0      6   4   1   5   0    3.75000000000000e+00
   0      4   4   1   5   0      6   6   1   5   0    0.00000000000000e+00
   0      6   4   1   5   0      6   6   1   5   0    0.00000000000000e+00
   0      5   5   0   5   0      5   5   0   5   0    3.25000000000000e+00
   0      5   5   1   4   1      5   5   1   4   1    3.25000000000000e+00
   0      5   5   1   5   1      5   5   1   5   1    3.25000000000000e+00
   0      5   5   1   6   1      5   5   1   6   1    3.25000000000000e+00
   0      6   6   0   6   1      6   6   0   6   1    3.75000000000000e+00
   0      6   6   1   5   0      6   6   1   5   0    3.75000000000000e+00
   0      6   6   1   6   0      6   6   1   6   0    3.75000000000000e+00
   0      6   6   1   7   0      6   6   1   7   0    3.75000000000000e+00
   1      0   0   0   0   1      0   0   0   0   1    0.00000000000000e+00
   1      0   0   0   0   1      2   0   0   0   1    0.00000000000000e+00
   1      0   0   0   0   1      4   0   0   0   1    0.00000000000000e+00
   1      0   0   0   0   1      6   0   0   0   1    0.00000000000000e+00
   1      2   0   0   0   1      2   0   0   0   1    0.00000000000000e+00
   1      2   0   0   0   1      4   0   0   0   1    0.00000000000000e+00
   1      2   0   0   0   1      6   0   0   0   1    0.00000000000000e+00
   1      4   0   0   0   1      4   0   0   0   1    0.00000000000000e+00
   1      4   0   0   0   1      6   0   0   0   1    0.00000000000000e+00
   1      6   0   0   0   1      6   0   0   0   1    0.00000000000000e+00
   1      1   1   0   1   0      1   1   1   1   1    0.00000000000000e+00
   1      1   1   0   1   0      3   1   1   1   1    0.00000000000000e+00
   1      1   1   0   1   0      5   1   1   1   1    0.00000000000000e+00
   1      3   1   0   1   0      1   1   1   1   1    0.00000000000000e+00
   1      3   1   0   1   0      3   1   1   1   1    0.00000000000000e+00
   1      3   1   0   1   0      5   1   1   1   1    0.00000000000000e+00
   1      5   1   0   1   0      1   1   1   1   1    0.00000000000000e+00
   1      5   1   0   1   0      3   1   1   1   1    0.00000000000000e+00
   1      5   1   0   1   0      5   1   1   1   1    0.00000000000000e+00
   1      1   1   1   0   1      1   1   1   0   1    0.00000000000000e+00
   1      1   1   1   0   1      3   1   1   0   1    0.00000000000000e+00
   1      1   1   1   0   1      5   1   1   0   1    0.00000000000000e+00
   1      3   1   1   0   1      3   1   1   0   1    0.00000000000000e+00
   1      3   1   1   0   1      5   1   1   0   1    0.00000000000000e+00
   1      5   1   1   0   1      5   1   1   0   1    0.00000000000000e+00
   1      1   1   1   1   1      1   1   1   1   1    0.00000000000000e+00
   1      1   1   1   1   1      3   1   1   1   1    0.00000000000000e+00
   1      1   1   1   1   1      5   1   1   1   1    0.00000000000000e+00
   1      3   1   1   1   1      3   1   1   1   1    0.00000000000000e+00
   1      3   1   1   1   1      5   1   1   1   1    0.00000000000000e+00
   1      5   1   1   1   1      5   1   1   1   1    0.00000000000000e+00
   1      1   1   1   2   1      1   1   1   2   1    0.00000000000000e+00
   1      1   1   1   2   1      3   1   1   2   1    0.00000000000000e+00
   1      1   1   1   2   1      5   1   1   2   1    0.00000000000000e+00
   1      3   1   1   2   1      3   1   1   2   1    0.00000000000000e+00
   1      3   1   1   2   1      5   1   1   2   1    0.00000000000000e+00
   1      5   1   1   2   1      5   1   1   2   1    0.00000000000000e+00
   1      1   1   1   2   1      3   3   1   2   1    0.00000000000000e+00
   1      1   1   1   2   1      5   3   1   2   1    0.00000000000000e+00
   1      3   1   1   2   1      3   3   1   2   1    0.00000000000000e+00
   1      3   1   1   2   1      5   3   1   2   1    0.00000000000000e+00
   1      5   1   1   2   1      3   3   1   2   1    0.00000000000000e+00
   1      5   1   1   2   1      5   3   1   2   1    0.00000000000000e+00
   1      2   2   0   2   1      2   2   0   2   1    0.00000000000000e+00
   1      2   2   0   2   1      4   2   0   2   1    0.00000000000000e+00
   1      2   2   0   2   1      6   2   0   2   1    0.00000000000000e+00
   1      4   2   0   2   1      4   2   0   2   1    0.00000000000000e+00
   1      4   2   0   2   1      6   2   0   2   1    0.00000000000000e+00
   1      6   2   0   2   1      6   2   0   2   1    0.00000000000000e+00
   1      2   2   0   2   1      2   2   1   2   0    0.00000000000000e+00
   1      2   2   0   2   1      4   2   1   2   0    0.00000000000000e+00
   1      2   2   0   2   1      6   2   1   2   0    0.00000000000000e+00
   1      4   2   0   2   1      2   2   1   2   0    0.00000000000000e+00
   1      4   2   0   2   1      4   2   1   2   0    0.00000000000000e+00
   1      4   2   0   2   1      6   2   1   2   0    0.00000000000000e+00
   1      6   2   0   2   1      2   2   1   2   0    0.00000000000000e+00
   1      6   2   0   2   1      4   2   1   2   0    0.00000000000000e+00
   1      6   2   0   2   1      6   2   1   2   0    0.00000000000000e+00
   1      3   3   0   3   0      3   3   1   3   1    0.00000000000000e+00
   1      3   3   0   3   0      5   3   1   3   1    0.00000000000000e+00
   1      5   3   0   3   0      3   3   1   3   1    0.00000000000000e+00
   1      5   3   0   3   0      5   3   1   3   1    0.00000000000000e+00
   1      3   3   1   2   1      3   3   1   2   1    0.00000000000000e+00
   1      3   3   1   2   1      5   3   1   2   1    0.00000000000000e+00
   1      5   3   1   2   1      5   3   1   2   1    0.00000000000000e+00
   1      3   3   1   3   1      3   3   1   3   1    0.00000000000000e+00
   1      3   3   1   3   1      5   3   1   3   1    0.00000000000000e+00
   1      5   3   1   3   1      5   3   1   3   1    0.00000000000000e+00
   1      3   3   1   4   1      3   3   1   4   1    0.00000000000000e+00
   1      3   3   1   4   1      5   3   1   4   1    0.00000000000000e+00
   1      5   3   1   4   1      5   3   1   4   1    0.00000000000000e+00
   1      3   3   1   4   1      5   5   1   4   1    0.00000000000000e+00
   1      5   3   1   4   1      5   5   1   4   1    0.00000000000000e+00
   1      4   4   0   4   1      4   4   0   4   1    0.00000000000000e+00
   1      4   4   0   4   1      6   4   0   4   1    0.00000000000000e+00
   1      6   4   0   4   1      6   4   0   4   1    0.00000000000000e+00
   1      4   4   0   4   1      4   4   1   4   0    0.00000000000000e+00
   1      4   4   0   4   1      6   4   1   4   0    0.00000000000000e+00
   1      6   4   0   4   1      4   4   1   4   0    0.00000000000000e+00
   1      6   4   0   4   1      6   4   1   4   0    0.00000000000000e+00
   1      5   5   0   5   0      5   5   1   5   1    0.00000000000000e+00
   1      5   5   1   4   1      5   5   1   4   1    0.00000000000000e+00
   1      5   5   1   5   1      5   5   1   5   1    0.00000000000000e+00
   1      5   5   1   6   1      5   5   1   6   1    0.00000000000000e+00
   1      6   6   0   6   1      6   6   0   6   1    0.00000000000000e+00
   1      6   6   0   6   1      6   6   1   6   0    0.00000000000000e+00
   2      0   0   0   0   1      0   0   0   0   1    0.00000000000000e+00
   2      0   0   0   0   1      2   0   0   0   1    0.00000000000000e+00
   2      0   0   0   0   1      4   0   0   0   1    0.00000000000000e+00
   2      0   0   0   0   1      6   0   0   0   1    0.00000000000000e+00
   2      2   0   0   0   1      2   0   0   0   1    0.00000000000000e+00
   2      2   0   0   0   1      4   0   0   0   1    0.00000000000000e+00
   2      2   0   0   0   1      6   0   0   0   1    0.00000000000000e+00
   2      4   0   0   0   1      4   0   0   0   1    0.00000000000000e+00
   2      4   0   0   0   1      6   0   0   0   1    0.00000000000000e+00
   2      6   0   0   0   1      6   0   0   0   1    0.00000000000000e+00
   2      1   1   1   0   1      1   1   1   0   1    0.00000000000000e+00
   2      1   1   1   0   1      3   1   1   0   1    0.00000000000000e+00
   2      1   1   1   0   1      5   1   1   0   1    0.00000000000000e+00
   2      3   1   1   0   1      3   1   1   0   1    0.00000000000000e+00
   2      3   1   1   0   1      5   1   1   0   1    0.00000000000000e+00
   2      5   1   1   0   1      5   1   1   0   1    0.00000000000000e+00
   2      1   1   1   1   1      1   1   1   1   1    0.00000000000000e+00
   2      1   1   1   1   1      3   1   1   1   1    0.00000000000000e+00
   2      1   1   1   1   1      5   1   1   1   1    0.00000000000000e+00
   2      3   1   1   1   1      3   1   1   1   1    0.00000000000000e+00
   2      3   1   1   1   1      5   1   1   1   1    0.00000000000000e+00
   2      5   1   1   1   1      5   1   1   1   1    0.00000000000000e+00
   2      1   1   1   2   1      1   1   1   2   1    0.00000000000000e+00
   2      1   1   1   2   1      3   1   1   2   1    0.00000000000000e+00
   2      1   1   1   2   1      5   1   1   2   1    0.00000000000000e+00
   2      3   1   1   2   1      3   1   1   2   1    0.00000000000000e+00
   2      3   1   1   2   1      5   1   1   2   1    0.00000000000000e+00
   2      5   1   1   2   1      5   1   1   2   1    0.00000000000000e+00
   2      1   1   1   2   1      3   3   1   2   1    0.00000000000000e+00
   2      1   1   1   2   1      5   3   1   2   1    0.00000000000000e+00
   2      3   1   1   2   1      3   3   1   2   1    0.00000000000000e+00
   2      3   1   1   2   1      5   3   1   2   1    0.00000000000000e+00
   2      5   1   1   2   1      3   3   1   2   1    0.00000000000000e+00
   2      5   1   1   2   1      5   3   1   2   1    0.00000000000000e+00
   2      2   2   0   2   1      2   2   0   2   1    0.00000000000000e+00
   2      2   2   0   2   1      4   2   0   2   1    0.00000000000000e+00
   2      2   2   0   2   1      6   2   0   2   1    0.00000000000000e+00
   2      4   2   0   2   1      4   2   0   2   1    0.00000000000000e+00
   2      4   2   0   2   1      6   2   0   2   1    0.00000000000000e+00
   2      6   2   0   2   1      6   2   0   2   1    0.00000000000000e+00
   2      3   3   1   2   1      3   3   1   2   1    0.00000000000000e+00
   2      3   3   1   2   1      5   3   1   2   1    0.00000000000000e+00
   2      5   3   1   2   1      5   3   1   2   1    0.00000000000000e+00
   2      3   3   1   3   1      3   3   1   3   1    0.00000000000000e+00
   2      3   3   1   3   1      5   3   1   3   1    0.00000000000000e+00
   2      5   3   1   3   1      5   3   1   3   1    0.00000000000000e+00
   2      3   3   1   4   1      3   3   1   4   1    0.00000000000000e+00
   2      3   3   1   4   1      5   3   1   4   1    0.00000000000000e+00
   2      5   3   1   4   1      5   3   1   4   1    0.00000000000000e+00
   2      3   3   1   4   1      5   5   1   4   1    0.00000000000000e+00
   2      5   3   1   4   1      5   5   1   4   1    0.00000000000000e+00
   2      4   4   0   4   1      4   4   0   4   1    0.00000000000000e+00
   2      4   4   0   4   1      6   4   0   4   1    0.00000000000000e+00
   2      6   4   0   4   1      6   4   0   4   1    0.00000000000000e+00
   2      5   5   1   4   1      5   5   1   4   1    0.00000000000000e+00
   2      5   5   1   5   1      5   5   1   5   1    0.00000000000000e+00
   2      5   5   1   6   1      5   5   1   6   1    0.00000000000000e+00
   2      6   6   0   6   1      6   6   0   6   1    0.00000000000000e+00
