# RELATIVE LSJT
#   version
#   J0 g0 T0_min T0_max symmetry_phase_mode  [P0=(-)^g0]
#   Nmax Jmax
#   T0   N' L' S' J' T'   N L S J T   JT-RME
 1
 0 0 0 0 0
 20 4
   0      0   0   0   0   1      0   0   0   0   1    -9.53646700000000e+00
   0      0   0   0   0   1      2   0   0   0   1    -6.38075300000000e+00
   0      0   0   0   0   1      4   0   0   0   1    -3.07489500000000e+00
   0      0   0   0   0   1      6   0   0   0   1    -1.01510600000000e+00
   0      0   0   0   0   1      8   0   0   0   1    -1.49281300000000e-01
   0      0   0   0   0   1     10   0   0   0   1    8.99159000000000e-02
   0      0   0   0   0   1     12   0   0   0   1    1.02397300000000e-01
   0      0   0   0   0   1     14   0   0   0   1    6.52600500000000e-02
   0      0   0   0   0   1     16   0   0   0   1    3.32766000000000e-02
   0      0   0   0   0   1     18   0   0   0   1    1.46950100000000e-02
   0      0   0   0   0   1     20   0   0   0   1    5.73299100000000e-03
   0      2   0   0   0   1      2   0   0   0   1    -6.29070500000000e+00
   0      2   0   0   0   1      4   0   0   0   1    -4.58125800000000e+00
   0      2   0   0   0   1      6   0   0   0   1    -3.45782500000000e+00
   0      2   0   0   0   1      8   0   0   0   1    -2.23533300000000e+00
   0      2   0   0   0   1     10   0   0   0   1    -1.19371800000000e+00
   0      2   0   0   0   1     12   0   0   0   1    -5.24835800000000e-01
   0      2   0   0   0   1     14   0   0   0   1    -1.80539800000000e-01
   0      2   0   0   0   1     16   0   0   0   1    -3.58123200000000e-02
   0      2   0   0   0   1     18   0   0   0   1    1.10998200000000e-02
   0      2   0   0   0   1     20   0   0   0   1    1.89334500000000e-02
   0      4   0   0   0   1      4   0   0   0   1    -2.37843100000000e+00
   0      4   0   0   0   1      6   0   0   0   1    -1.60330900000000e+00
   0      4   0   0   0   1      8   0   0   0   1    -1.68424900000000e+00
   0      4   0   0   0   1     10   0   0   0   1    -1.66172400000000e+00
   0      4   0   0   0   1     12   0   0   0   1    -1.37005900000000e+00
   0      4   0   0   0   1     14   0   0   0   1    -9.73287200000000e-01
   0      4   0   0   0   1     16   0   0   0   1    -6.18390600000000e-01
   0      4   0   0   0   1     18   0   0   0   1    -3.61134700000000e-01
   0      4   0   0   0   1     20   0   0   0   1    -1.97572200000000e-01
   0      6   0   0   0   1      6   0   0   0   1    6.60376900000000e-01
   0      6   0   0   0   1      8   0   0   0   1    1.52124300000000e+00
   0      6   0   0   0   1     10   0   0   0   1    1.40926700000000e+00
   0      6   0   0   0   1     12   0   0   0   1    9.86597200000000e-01
   0      6   0   0   0   1     14   0   0   0   1    5.94292100000000e-01
   0      6   0   0   0   1     16   0   0   0   1    3.24976600000000e-01
   0      6   0   0   0   1     18   0   0   0   1    1.65964700000000e-01
   0      6   0   0   0   1     20   0   0   0   1    8.05257700000000e-02
   0      8   0   0   0   1      8   0   0   0   1    3.30956500000000e+00
   0      8   0   0   0   1     10   0   0   0   1    3.33968600000000e+00
   0      8   0   0   0   1     12   0   0   0   1    2.54868500000000e+00
   0      8   0   0   0   1     14   0   0   0   1    1.66259300000000e+00
   0      8   0   0   0   1     16   0   0   0   1    9.78203800000000e-01
   0      8   0   0   0   1     18   0   0   0   1    5.34501300000000e-01
   0      8   0   0   0   1     20   0   0   0   1    2.76154800000000e-01
   0     10   0   0   0   1     10   0   0   0   1    3.45601300000000e+00
   0     10   0   0   0   1     12   0   0   0   1    2.67018100000000e+00
   0     10   0   0   0   1     14   0   0   0   1    1.75395100000000e+00
   0     10   0   0   0   1     16   0   0   0   1    1.03623000000000e+00
   0     10   0   0   0   1     18   0   0   0   1    5.67644300000000e-01
   0     10   0   0   0   1     20   0   0   0   1    2.93734900000000e-01
   0     12   0   0   0   1     12   0   0   0   1    2.06648400000000e+00
   0     12   0   0   0   1     14   0   0   0   1    1.35496200000000e+00
   0     12   0   0   0   1     16   0   0   0   1    7.97974500000000e-01
   0     12   0   0   0   1     18   0   0   0   1    4.35508000000000e-01
   0     12   0   0   0   1     20   0   0   0   1    2.24486000000000e-01
   0     14   0   0   0   1     14   0   0   0   1    8.84570900000000e-01
   0     14   0   0   0   1     16   0   0   0   1    5.18237000000000e-01
   0     14   0   0   0   1     18   0   0   0   1    2.81298300000000e-01
   0     14   0   0   0   1     20   0   0   0   1    1.44214200000000e-01
   0     16   0   0   0   1     16   0   0   0   1    3.01836100000000e-01
   0     16   0   0   0   1     18   0   0   0   1    1.62851900000000e-01
   0     16   0   0   0   1     20   0   0   0   1    8.29942900000000e-02
   0     18   0   0   0   1     18   0   0   0   1    8.73244000000000e-02
   0     18   0   0   0   1     20   0   0   0   1    4.42316100000000e-02
   0     20   0   0   0   1     20   0   0   0   1    2.22674700000000e-02
   0      0   0   1   1   0      0   0   1   1   0    -1.25571700000000e+01
   0      0   0   1   1   0      2   0   1   1   0    -9.12605500000000e+00
   0      0   0   1   1   0      4   0   1   1   0    -4.19351600000000e+00
   0      0   0   1   1   0      6   0   1   1   0    -1.45348800000000e+00
   0      0   0   1   1   0      8   0   1   1   0    -3.89294800000000e-01
   0      0   0   1   1   0     10   0   1   1   0    -7.83873800000000e-02
   0      0   0   1   1   0     12   0   1   1   0    -1.58763500000000e-02
   0      0   0   1   1   0     14   0   1   1   0    -1.12831600000000e-02
   0      0   0   1   1   0     16   0   1   1   0    -1.22039500000000e-02
   0      0   0   1   1   0     18   0   1   1   0    -1.04625400000000e-02
   0      0   0   1   1   0     20   0   1   1   0    -7.40383300000000e-03
   0      2   0   1   1   0      2   0   1   1   0    -9.97414400000000e+00
   0      2   0   1   1   0      4   0   1   1   0    -7.05150100000000e+00
   0      2   0   1   1   0      6   0   1   1   0    -4.25186800000000e+00
   0      2   0   1   1   0      8   0   1   1   0    -2.08216900000000e+00
   0      2   0   1   1   0     10   0   1   1   0    -7.56975800000000e-01
   0      2   0   1   1   0     12   0   1   1   0    -1.23992900000000e-01
   0      2   0   1   1   0     14   0   1   1   0    9.78513300000000e-02
   0      2   0   1   1   0     16   0   1   1   0    1.31836500000000e-01
   0      2   0   1   1   0     18   0   1   1   0    1.03326700000000e-01
   0      2   0   1   1   0     20   0   1   1   0    6.65316700000000e-02
   0      4   0   1   1   0      4   0   1   1   0    -5.73233600000000e+00
   0      4   0   1   1   0      6   0   1   1   0    -4.21717500000000e+00
   0      4   0   1   1   0      8   0   1   1   0    -3.15233200000000e+00
   0      4   0   1   1   0     10   0   1   1   0    -2.29242200000000e+00
   0      4   0   1   1   0     12   0   1   1   0    -1.55967800000000e+00
   0      4   0   1   1   0     14   0   1   1   0    -9.84304000000000e-01
   0      4   0   1   1   0     16   0   1   1   0    -5.79669400000000e-01
   0      4   0   1   1   0     18   0   1   1   0    -3.21662400000000e-01
   0      4   0   1   1   0     20   0   1   1   0    -1.69769200000000e-01
   0      6   0   1   1   0      6   0   1   1   0    -2.35458700000000e+00
   0      6   0   1   1   0      8   0   1   1   0    -1.29906800000000e+00
   0      6   0   1   1   0     10   0   1   1   0    -8.94437300000000e-01
   0      6   0   1   1   0     12   0   1   1   0    -6.84555800000000e-01
   0      6   0   1   1   0     14   0   1   1   0    -5.02196500000000e-01
   0      6   0   1   1   0     16   0   1   1   0    -3.37667000000000e-01
   0      6   0   1   1   0     18   0   1   1   0    -2.08599800000000e-01
   0      6   0   1   1   0     20   0   1   1   0    -1.19945700000000e-01
   0      8   0   1   1   0      8   0   1   1   0    3.78592500000000e-01
   0      8   0   1   1   0     10   0   1   1   0    1.03464600000000e+00
   0      8   0   1   1   0     12   0   1   1   0    1.00990800000000e+00
   0      8   0   1   1   0     14   0   1   1   0    7.41465000000000e-01
   0      8   0   1   1   0     16   0   1   1   0    4.68287300000000e-01
   0      8   0   1   1   0     18   0   1   1   0    2.68405000000000e-01
   0      8   0   1   1   0     20   0   1   1   0    1.43571100000000e-01
   0     10   0   1   1   0     10   0   1   1   0    1.95619200000000e+00
   0     10   0   1   1   0     12   0   1   1   0    1.92754900000000e+00
   0     10   0   1   1   0     14   0   1   1   0    1.47059500000000e+00
   0     10   0   1   1   0     16   0   1   1   0    9.66959400000000e-01
   0     10   0   1   1   0     18   0   1   1   0    5.75225900000000e-01
   0     10   0   1   1   0     20   0   1   1   0    3.18102700000000e-01
   0     12   0   1   1   0     12   0   1   1   0    1.94494800000000e+00
   0     12   0   1   1   0     14   0   1   1   0    1.51292100000000e+00
   0     12   0   1   1   0     16   0   1   1   0    1.01011200000000e+00
   0     12   0   1   1   0     18   0   1   1   0    6.08272700000000e-01
   0     12   0   1   1   0     20   0   1   1   0    3.39730300000000e-01
   0     14   0   1   1   0     14   0   1   1   0    1.19184100000000e+00
   0     14   0   1   1   0     16   0   1   1   0    8.02960100000000e-01
   0     14   0   1   1   0     18   0   1   1   0    4.86829800000000e-01
   0     14   0   1   1   0     20   0   1   1   0    2.73352500000000e-01
   0     16   0   1   1   0     16   0   1   1   0    5.44290300000000e-01
   0     16   0   1   1   0     18   0   1   1   0    3.31478800000000e-01
   0     16   0   1   1   0     20   0   1   1   0    1.86761700000000e-01
   0     18   0   1   1   0     18   0   1   1   0    2.02521200000000e-01
   0     18   0   1   1   0     20   0   1   1   0    1.14380300000000e-01
   0     20   0   1   1   0     20   0   1   1   0    6.47166700000000e-02
   0      0   0   1   1   0      2   2   1   1   0    -9.22731600000000e+00
   0      0   0   1   1   0      4   2   1   1   0    -1.04089600000000e+01
   0      0   0   1   1   0      6   2   1   1   0    -7.79157000000000e+00
   0      0   0   1   1   0      8   2   1   1   0    -4.77771300000000e+00
   0      0   0   1   1   0     10   2   1   1   0    -2.59561200000000e+00
   0      0   0   1   1   0     12   2   1   1   0    -1.29847200000000e+00
   0      0   0   1   1   0     14   2   1   1   0    -6.11436900000000e-01
   0      0   0   1   1   0     16   2   1   1   0    -2.74775400000000e-01
   0      0   0   1   1   0     18   2   1   1   0    -1.18932200000000e-01
   0      0   0   1   1   0     20   2   1   1   0    -4.98994200000000e-02
   0      2   0   1   1   0      2   2   1   1   0    -2.01529600000000e+00
   0      2   0   1   1   0      4   2   1   1   0    -4.45996900000000e+00
   0      2   0   1   1   0      6   2   1   1   0    -2.86442200000000e+00
   0      2   0   1   1   0      8   2   1   1   0    -1.28954900000000e+00
   0      2   0   1   1   0     10   2   1   1   0    -4.85927400000000e-01
   0      2   0   1   1   0     12   2   1   1   0    -1.73786500000000e-01
   0      2   0   1   1   0     14   2   1   1   0    -6.95922300000000e-02
   0      2   0   1   1   0     16   2   1   1   0    -3.52387300000000e-02
   0      2   0   1   1   0     18   2   1   1   0    -2.11349700000000e-02
   0      2   0   1   1   0     20   2   1   1   0    -1.31325700000000e-02
   0      4   0   1   1   0      2   2   1   1   0    6.27746500000000e-01
   0      4   0   1   1   0      4   2   1   1   0    -1.82494200000000e+00
   0      4   0   1   1   0      6   2   1   1   0    -2.33799100000000e+00
   0      4   0   1   1   0      8   2   1   1   0    -1.57506300000000e+00
   0      4   0   1   1   0     10   2   1   1   0    -7.24317900000000e-01
   0      4   0   1   1   0     12   2   1   1   0    -2.04191800000000e-01
   0      4   0   1   1   0     14   2   1   1   0    1.88752000000000e-02
   0      4   0   1   1   0     16   2   1   1   0    7.79375000000000e-02
   0      4   0   1   1   0     18   2   1   1   0    7.16005100000000e-02
   0      4   0   1   1   0     20   2   1   1   0    4.93733000000000e-02
   0      6   0   1   1   0      2   2   1   1   0    7.27234800000000e-01
   0      6   0   1   1   0      4   2   1   1   0    -2.68335300000000e-01
   0      6   0   1   1   0      6   2   1   1   0    -1.55823400000000e+00
   0      6   0   1   1   0      8   2   1   1   0    -1.80553000000000e+00
   0      6   0   1   1   0     10   2   1   1   0    -1.42218700000000e+00
   0      6   0   1   1   0     12   2   1   1   0    -9.20663700000000e-01
   0      6   0   1   1   0     14   2   1   1   0    -5.27616300000000e-01
   0      6   0   1   1   0     16   2   1   1   0    -2.78036000000000e-01
   0      6   0   1   1   0     18   2   1   1   0    -1.37764700000000e-01
   0      6   0   1   1   0     20   2   1   1   0    -6.51096200000000e-02
   0      8   0   1   1   0      2   2   1   1   0    3.41366200000000e-01
   0      8   0   1   1   0      4   2   1   1   0    3.83995400000000e-01
   0      8   0   1   1   0      6   2   1   1   0    -8.24975100000000e-01
   0      8   0   1   1   0      8   2   1   1   0    -1.51263700000000e+00
   0      8   0   1   1   0     10   2   1   1   0    -1.49483000000000e+00
   0      8   0   1   1   0     12   2   1   1   0    -1.14003900000000e+00
   0      8   0   1   1   0     14   2   1   1   0    -7.47310200000000e-01
   0      8   0   1   1   0     16   2   1   1   0    -4.42598600000000e-01
   0      8   0   1   1   0     18   2   1   1   0    -2.43546900000000e-01
   0      8   0   1   1   0     20   2   1   1   0    -1.26707300000000e-01
   0     10   0   1   1   0      2   2   1   1   0    8.18305300000000e-02
   0     10   0   1   1   0      4   2   1   1   0    4.90126600000000e-01
   0     10   0   1   1   0      6   2   1   1   0    -3.71722600000000e-01
   0     10   0   1   1   0      8   2   1   1   0    -1.03876800000000e+00
   0     10   0   1   1   0     10   2   1   1   0    -1.15473100000000e+00
   0     10   0   1   1   0     12   2   1   1   0    -9.40085100000000e-01
   0     10   0   1   1   0     14   2   1   1   0    -6.44127100000000e-01
   0     10   0   1   1   0     16   2   1   1   0    -3.94261600000000e-01
   0     10   0   1   1   0     18   2   1   1   0    -2.22630600000000e-01
   0     10   0   1   1   0     20   2   1   1   0    -1.18285200000000e-01
   0     12   0   1   1   0      2   2   1   1   0    -2.02933700000000e-02
   0     12   0   1   1   0      4   2   1   1   0    3.84624000000000e-01
   0     12   0   1   1   0      6   2   1   1   0    -1.48416000000000e-01
   0     12   0   1   1   0      8   2   1   1   0    -6.27355500000000e-01
   0     12   0   1   1   0     10   2   1   1   0    -7.46779000000000e-01
   0     12   0   1   1   0     12   2   1   1   0    -6.28049900000000e-01
   0     12   0   1   1   0     14   2   1   1   0    -4.39065800000000e-01
   0     12   0   1   1   0     16   2   1   1   0    -2.72544900000000e-01
   0     12   0   1   1   0     18   2   1   1   0    -1.55524800000000e-01
   0     12   0   1   1   0     20   2   1   1   0    -8.33135500000000e-02
   0     14   0   1   1   0      2   2   1   1   0    -4.05621400000000e-02
   0     14   0   1   1   0      4   2   1   1   0    2.47654500000000e-01
   0     14   0   1   1   0      6   2   1   1   0    -5.34906600000000e-02
   0     14   0   1   1   0      8   2   1   1   0    -3.46665100000000e-01
   0     14   0   1   1   0     10   2   1   1   0    -4.30250200000000e-01
   0     14   0   1   1   0     12   2   1   1   0    -3.68222200000000e-01
   0     14   0   1   1   0     14   2   1   1   0    -2.60009200000000e-01
   0     14   0   1   1   0     16   2   1   1   0    -1.62468200000000e-01
   0     14   0   1   1   0     18   2   1   1   0    -9.31518900000000e-02
   0     14   0   1   1   0     20   2   1   1   0    -5.00807000000000e-02
   0     16   0   1   1   0      2   2   1   1   0    -3.28149100000000e-02
   0     16   0   1   1   0      4   2   1   1   0    1.42105900000000e-01
   0     16   0   1   1   0      6   2   1   1   0    -1.74469000000000e-02
   0     16   0   1   1   0      8   2   1   1   0    -1.79499100000000e-01
   0     16   0   1   1   0     10   2   1   1   0    -2.28545300000000e-01
   0     16   0   1   1   0     12   2   1   1   0    -1.97411300000000e-01
   0     16   0   1   1   0     14   2   1   1   0    -1.40056200000000e-01
   0     16   0   1   1   0     16   2   1   1   0    -8.77640800000000e-02
   0     16   0   1   1   0     18   2   1   1   0    -5.04149000000000e-02
   0     16   0   1   1   0     20   2   1   1   0    -2.71404300000000e-02
   0     18   0   1   1   0      2   2   1   1   0    -2.07823500000000e-02
   0     18   0   1   1   0      4   2   1   1   0    7.54483500000000e-02
   0     18   0   1   1   0      6   2   1   1   0    -5.07188400000000e-03
   0     18   0   1   1   0      8   2   1   1   0    -8.84389900000000e-02
   0     18   0   1   1   0     10   2   1   1   0    -1.14299400000000e-01
   0     18   0   1   1   0     12   2   1   1   0    -9.91419300000000e-02
   0     18   0   1   1   0     14   2   1   1   0    -7.04470900000000e-02
   0     18   0   1   1   0     16   2   1   1   0    -4.41713100000000e-02
   0     18   0   1   1   0     18   2   1   1   0    -2.53785500000000e-02
   0     18   0   1   1   0     20   2   1   1   0    -1.36623300000000e-02
   0     20   0   1   1   0      2   2   1   1   0    -1.16092100000000e-02
   0     20   0   1   1   0      4   2   1   1   0    3.78501300000000e-02
   0     20   0   1   1   0      6   2   1   1   0    -1.24986800000000e-03
   0     20   0   1   1   0      8   2   1   1   0    -4.18985900000000e-02
   0     20   0   1   1   0     10   2   1   1   0    -5.45636400000000e-02
   0     20   0   1   1   0     12   2   1   1   0    -4.73657700000000e-02
   0     20   0   1   1   0     14   2   1   1   0    -3.36381600000000e-02
   0     20   0   1   1   0     16   2   1   1   0    -2.10729600000000e-02
   0     20   0   1   1   0     18   2   1   1   0    -1.20961100000000e-02
   0     20   0   1   1   0     20   2   1   1   0    -6.50601700000000e-03
   0      1   1   0   1   0      1   1   0   1   0    9.62398700000000e+00
   0      1   1   0   1   0      3   1   0   1   0    7.20888400000000e+00
   0      1   1   0   1   0      5   1   0   1   0    1.08085000000000e+01
   0      1   1   0   1   0      7   1   0   1   0    1.09757200000000e+01
   0      1   1   0   1   0      9   1   0   1   0    8.35898900000000e+00
   0      1   1   0   1   0     11   1   0   1   0    5.30649200000000e+00
   0      1   1   0   1   0     13   1   0   1   0    2.97525200000000e+00
   0      1   1   0   1   0     15   1   0   1   0    1.52283000000000e+00
   0      1   1   0   1   0     17   1   0   1   0    7.25912000000000e-01
   0      1   1   0   1   0     19   1   0   1   0    3.26332600000000e-01
   0      3   1   0   1   0      3   1   0   1   0    4.40169900000000e-01
   0      3   1   0   1   0      5   1   0   1   0    1.19997500000000e+00
   0      3   1   0   1   0      7   1   0   1   0    5.31717900000000e-01
   0      3   1   0   1   0      9   1   0   1   0    4.81441600000000e-02
   0      3   1   0   1   0     11   1   0   1   0    7.20976800000000e-02
   0      3   1   0   1   0     13   1   0   1   0    2.29306600000000e-01
   0      3   1   0   1   0     15   1   0   1   0    3.03390700000000e-01
   0      3   1   0   1   0     17   1   0   1   0    2.80298500000000e-01
   0      3   1   0   1   0     19   1   0   1   0    2.11843400000000e-01
   0      5   1   0   1   0      5   1   0   1   0    3.76731500000000e+00
   0      5   1   0   1   0      7   1   0   1   0    3.41991900000000e+00
   0      5   1   0   1   0      9   1   0   1   0    1.22675100000000e+00
   0      5   1   0   1   0     11   1   0   1   0    -4.72566500000000e-01
   0      5   1   0   1   0     13   1   0   1   0    -1.13856900000000e+00
   0      5   1   0   1   0     15   1   0   1   0    -1.12239000000000e+00
   0      5   1   0   1   0     17   1   0   1   0    -8.45001700000000e-01
   0      5   1   0   1   0     19   1   0   1   0    -5.49593500000000e-01
   0      7   1   0   1   0      7   1   0   1   0    6.57924900000000e+00
   0      7   1   0   1   0      9   1   0   1   0    6.08757100000000e+00
   0      7   1   0   1   0     11   1   0   1   0    3.95217200000000e+00
   0      7   1   0   1   0     13   1   0   1   0    2.00328200000000e+00
   0      7   1   0   1   0     15   1   0   1   0    7.95613000000000e-01
   0      7   1   0   1   0     17   1   0   1   0    2.10703500000000e-01
   0      7   1   0   1   0     19   1   0   1   0    -1.12211800000000e-02
   0      9   1   0   1   0      9   1   0   1   0    8.15420900000000e+00
   0      9   1   0   1   0     11   1   0   1   0    7.30749000000000e+00
   0      9   1   0   1   0     13   1   0   1   0    5.29919500000000e+00
   0      9   1   0   1   0     15   1   0   1   0    3.36268600000000e+00
   0      9   1   0   1   0     17   1   0   1   0    1.94499200000000e+00
   0      9   1   0   1   0     19   1   0   1   0    1.05060000000000e+00
   0     11   1   0   1   0     11   1   0   1   0    7.79386700000000e+00
   0     11   1   0   1   0     13   1   0   1   0    6.41486400000000e+00
   0     11   1   0   1   0     15   1   0   1   0    4.50838900000000e+00
   0     11   1   0   1   0     17   1   0   1   0    2.84333700000000e+00
   0     11   1   0   1   0     19   1   0   1   0    1.65608100000000e+00
   0     13   1   0   1   0     13   1   0   1   0    5.68765900000000e+00
   0     13   1   0   1   0     15   1   0   1   0    4.20833000000000e+00
   0     13   1   0   1   0     17   1   0   1   0    2.75830500000000e+00
   0     13   1   0   1   0     19   1   0   1   0    1.65586800000000e+00
   0     15   1   0   1   0     15   1   0   1   0    3.21664200000000e+00
   0     15   1   0   1   0     17   1   0   1   0    2.15705500000000e+00
   0     15   1   0   1   0     19   1   0   1   0    1.31728100000000e+00
   0     17   1   0   1   0     17   1   0   1   0    1.46901500000000e+00
   0     17   1   0   1   0     19   1   0   1   0    9.07246900000000e-01
   0     19   1   0   1   0     19   1   0   1   0    5.64820800000000e-01
   0      1   1   1   0   1      1   1   1   0   1    1.52692000000000e+00
   0      1   1   1   0   1      3   1   1   0   1    2.43237900000000e+00
   0      1   1   1   0   1      5   1   1   0   1    7.33210000000000e+00
   0      1   1   1   0   1      7   1   1   0   1    8.22613500000000e+00
   0      1   1   1   0   1      9   1   1   0   1    6.47506400000000e+00
   0      1   1   1   0   1     11   1   1   0   1    4.22730500000000e+00
   0      1   1   1   0   1     13   1   1   0   1    2.45571000000000e+00
   0      1   1   1   0   1     15   1   1   0   1    1.31652700000000e+00
   0      1   1   1   0   1     17   1   1   0   1    6.65501300000000e-01
   0      1   1   1   0   1     19   1   1   0   1    3.21594200000000e-01
   0      3   1   1   0   1      3   1   1   0   1    -3.47698600000000e+00
   0      3   1   1   0   1      5   1   1   0   1    -1.44558100000000e+00
   0      3   1   1   0   1      7   1   1   0   1    -6.26837200000000e-01
   0      3   1   1   0   1      9   1   1   0   1    -6.59771800000000e-01
   0      3   1   1   0   1     11   1   1   0   1    -7.00068100000000e-01
   0      3   1   1   0   1     13   1   1   0   1    -5.88325300000000e-01
   0      3   1   1   0   1     15   1   1   0   1    -4.13700100000000e-01
   0      3   1   1   0   1     17   1   1   0   1    -2.56788700000000e-01
   0      3   1   1   0   1     19   1   1   0   1    -1.45671800000000e-01
   0      5   1   1   0   1      5   1   1   0   1    1.01730000000000e-01
   0      5   1   1   0   1      7   1   1   0   1    1.26698900000000e+00
   0      5   1   1   0   1      9   1   1   0   1    1.07915000000000e+00
   0      5   1   1   0   1     11   1   1   0   1    5.26885500000000e-01
   0      5   1   1   0   1     13   1   1   0   1    1.28822200000000e-01
   0      5   1   1   0   1     15   1   1   0   1    -5.12006400000000e-02
   0      5   1   1   0   1     17   1   1   0   1    -9.54917800000000e-02
   0      5   1   1   0   1     19   1   1   0   1    -8.28807300000000e-02
   0      7   1   1   0   1      7   1   1   0   1    3.44965700000000e+00
   0      7   1   1   0   1      9   1   1   0   1    3.90754500000000e+00
   0      7   1   1   0   1     11   1   1   0   1    3.26906100000000e+00
   0      7   1   1   0   1     13   1   1   0   1    2.31729500000000e+00
   0      7   1   1   0   1     15   1   1   0   1    1.47358100000000e+00
   0      7   1   1   0   1     17   1   1   0   1    8.66267800000000e-01
   0      7   1   1   0   1     19   1   1   0   1    4.79431200000000e-01
   0      9   1   1   0   1      9   1   1   0   1    4.78956000000000e+00
   0      9   1   1   0   1     11   1   1   0   1    4.13075000000000e+00
   0      9   1   1   0   1     13   1   1   0   1    2.94807200000000e+00
   0      9   1   1   0   1     15   1   1   0   1    1.86324600000000e+00
   0      9   1   1   0   1     17   1   1   0   1    1.08088100000000e+00
   0      9   1   1   0   1     19   1   1   0   1    5.88049000000000e-01
   0     11   1   1   0   1     11   1   1   0   1    3.46608100000000e+00
   0     11   1   1   0   1     13   1   1   0   1    2.35119900000000e+00
   0     11   1   1   0   1     15   1   1   0   1    1.39449100000000e+00
   0     11   1   1   0   1     17   1   1   0   1    7.52929400000000e-01
   0     11   1   1   0   1     19   1   1   0   1    3.79003800000000e-01
   0     13   1   1   0   1     13   1   1   0   1    1.46805600000000e+00
   0     13   1   1   0   1     15   1   1   0   1    7.76859900000000e-01
   0     13   1   1   0   1     17   1   1   0   1    3.59865300000000e-01
   0     13   1   1   0   1     19   1   1   0   1    1.46661200000000e-01
   0     15   1   1   0   1     15   1   1   0   1    3.36963900000000e-01
   0     15   1   1   0   1     17   1   1   0   1    1.03703100000000e-01
   0     15   1   1   0   1     19   1   1   0   1    7.04005800000000e-03
   0     17   1   1   0   1     17   1   1   0   1    -1.31468200000000e-02
   0     17   1   1   0   1     19   1   1   0   1    -4.64622500000000e-02
   0     19   1   1   0   1     19   1   1   0   1    -5.23202600000000e-02
   0      1   1   1   1   1      1   1   1   1   1    4.08347400000000e+00
   0      1   1   1   1   1      3   1   1   1   1    3.75839300000000e+00
   0      1   1   1   1   1      5   1   1   1   1    5.09108000000000e+00
   0      1   1   1   1   1      7   1   1   1   1    5.44622700000000e+00
   0      1   1   1   1   1      9   1   1   1   1    4.39428000000000e+00
   0      1   1   1   1   1     11   1   1   1   1    2.90246600000000e+00
   0      1   1   1   1   1     13   1   1   1   1    1.66167500000000e+00
   0      1   1   1   1   1     15   1   1   1   1    8.53290700000000e-01
   0      1   1   1   1   1     17   1   1   1   1    4.00916900000000e-01
   0      1   1   1   1   1     19   1   1   1   1    1.74110200000000e-01
   0      3   1   1   1   1      3   1   1   1   1    2.00245800000000e+00
   0      3   1   1   1   1      5   1   1   1   1    1.66552000000000e+00
   0      3   1   1   1   1      7   1   1   1   1    -3.19073400000000e-01
   0      3   1   1   1   1      9   1   1   1   1    -1.04114800000000e+00
   0      3   1   1   1   1     11   1   1   1   1    -7.09196800000000e-01
   0      3   1   1   1   1     13   1   1   1   1    -1.91740200000000e-01
   0      3   1   1   1   1     15   1   1   1   1    1.23274700000000e-01
   0      3   1   1   1   1     17   1   1   1   1    2.23099300000000e-01
   0      3   1   1   1   1     19   1   1   1   1    2.04693900000000e-01
   0      5   1   1   1   1      5   1   1   1   1    5.36874300000000e+00
   0      5   1   1   1   1      7   1   1   1   1    4.27463900000000e+00
   0      5   1   1   1   1      9   1   1   1   1    1.24389900000000e+00
   0      5   1   1   1   1     11   1   1   1   1    -8.81315700000000e-01
   0      5   1   1   1   1     13   1   1   1   1    -1.62765800000000e+00
   0      5   1   1   1   1     15   1   1   1   1    -1.52579000000000e+00
   0      5   1   1   1   1     17   1   1   1   1    -1.12365100000000e+00
   0      5   1   1   1   1     19   1   1   1   1    -7.21890100000000e-01
   0      7   1   1   1   1      7   1   1   1   1    7.81858500000000e+00
   0      7   1   1   1   1      9   1   1   1   1    7.05901300000000e+00
   0      7   1   1   1   1     11   1   1   1   1    4.51131100000000e+00
   0      7   1   1   1   1     13   1   1   1   1    2.25028700000000e+00
   0      7   1   1   1   1     15   1   1   1   1    8.70338800000000e-01
   0      7   1   1   1   1     17   1   1   1   1    2.12246700000000e-01
   0      7   1   1   1   1     19   1   1   1   1    -3.09550900000000e-02
   0      9   1   1   1   1      9   1   1   1   1    9.54934900000000e+00
   0      9   1   1   1   1     11   1   1   1   1    8.61573100000000e+00
   0      9   1   1   1   1     13   1   1   1   1    6.28591000000000e+00
   0      9   1   1   1   1     15   1   1   1   1    4.01121600000000e+00
   0      9   1   1   1   1     17   1   1   1   1    2.33220200000000e+00
   0      9   1   1   1   1     19   1   1   1   1    1.26588500000000e+00
   0     11   1   1   1   1     11   1   1   1   1    9.27198600000000e+00
   0     11   1   1   1   1     13   1   1   1   1    7.66414700000000e+00
   0     11   1   1   1   1     15   1   1   1   1    5.39977800000000e+00
   0     11   1   1   1   1     17   1   1   1   1    3.41093400000000e+00
   0     11   1   1   1   1     19   1   1   1   1    1.98882000000000e+00
   0     13   1   1   1   1     13   1   1   1   1    6.80580700000000e+00
   0     13   1   1   1   1     15   1   1   1   1    5.03592300000000e+00
   0     13   1   1   1   1     17   1   1   1   1    3.29929100000000e+00
   0     13   1   1   1   1     19   1   1   1   1    1.97943700000000e+00
   0     15   1   1   1   1     15   1   1   1   1    3.84281400000000e+00
   0     15   1   1   1   1     17   1   1   1   1    2.57261400000000e+00
   0     15   1   1   1   1     19   1   1   1   1    1.56863300000000e+00
   0     17   1   1   1   1     17   1   1   1   1    1.74760500000000e+00
   0     17   1   1   1   1     19   1   1   1   1    1.07699900000000e+00
   0     19   1   1   1   1     19   1   1   1   1    6.68803600000000e-01
   0      1   1   1   2   1      1   1   1   2   1    -2.26999200000000e+00
   0      1   1   1   2   1      3   1   1   2   1    -3.35246300000000e+00
   0      1   1   1   2   1      5   1   1   2   1    -4.28847300000000e+00
   0      1   1   1   2   1      7   1   1   2   1    -3.98384600000000e+00
   0      1   1   1   2   1      9   1   1   2   1    -2.92719000000000e+00
   0      1   1   1   2   1     11   1   1   2   1    -1.82893800000000e+00
   0      1   1   1   2   1     13   1   1   2   1    -1.01629900000000e+00
   0      1   1   1   2   1     15   1   1   2   1    -5.16318600000000e-01
   0      1   1   1   2   1     17   1   1   2   1    -2.44013700000000e-01
   0      1   1   1   2   1     19   1   1   2   1    -1.08437000000000e-01
   0      3   1   1   2   1      3   1   1   2   1    -1.86845800000000e+00
   0      3   1   1   2   1      5   1   1   2   1    -1.99235000000000e+00
   0      3   1   1   2   1      7   1   1   2   1    -1.09855800000000e+00
   0      3   1   1   2   1      9   1   1   2   1    -4.42112100000000e-01
   0      3   1   1   2   1     11   1   1   2   1    -2.13907800000000e-01
   0      3   1   1   2   1     13   1   1   2   1    -1.74046300000000e-01
   0      3   1   1   2   1     15   1   1   2   1    -1.61687000000000e-01
   0      3   1   1   2   1     17   1   1   2   1    -1.34140700000000e-01
   0      3   1   1   2   1     19   1   1   2   1    -9.74926000000000e-02
   0      5   1   1   2   1      5   1   1   2   1    -3.37869400000000e+00
   0      5   1   1   2   1      7   1   1   2   1    -2.83695700000000e+00
   0      5   1   1   2   1      9   1   1   2   1    -1.36988000000000e+00
   0      5   1   1   2   1     11   1   1   2   1    -2.31894100000000e-01
   0      5   1   1   2   1     13   1   1   2   1    2.99538400000000e-01
   0      5   1   1   2   1     15   1   1   2   1    4.15271800000000e-01
   0      5   1   1   2   1     17   1   1   2   1    3.47740600000000e-01
   0      5   1   1   2   1     19   1   1   2   1    2.38234000000000e-01
   0      7   1   1   2   1      7   1   1   2   1    -3.94981500000000e+00
   0      7   1   1   2   1      9   1   1   2   1    -3.36963200000000e+00
   0      7   1   1   2   1     11   1   1   2   1    -2.16550000000000e+00
   0      7   1   1   2   1     13   1   1   2   1    -1.13950300000000e+00
   0      7   1   1   2   1     15   1   1   2   1    -5.03466800000000e-01
   0      7   1   1   2   1     17   1   1   2   1    -1.81583500000000e-01
   0      7   1   1   2   1     19   1   1   2   1    -4.49260100000000e-02
   0      9   1   1   2   1      9   1   1   2   1    -4.05401500000000e+00
   0      9   1   1   2   1     11   1   1   2   1    -3.51105900000000e+00
   0      9   1   1   2   1     13   1   1   2   1    -2.51549300000000e+00
   0      9   1   1   2   1     15   1   1   2   1    -1.59151000000000e+00
   0      9   1   1   2   1     17   1   1   2   1    -9.21907700000000e-01
   0      9   1   1   2   1     19   1   1   2   1    -4.99909600000000e-01
   0     11   1   1   2   1     11   1   1   2   1    -3.59294100000000e+00
   0     11   1   1   2   1     13   1   1   2   1    -2.89680300000000e+00
   0     11   1   1   2   1     15   1   1   2   1    -2.01023200000000e+00
   0     11   1   1   2   1     17   1   1   2   1    -1.25675800000000e+00
   0     11   1   1   2   1     19   1   1   2   1    -7.27247700000000e-01
   0     13   1   1   2   1     13   1   1   2   1    -2.50138400000000e+00
   0     13   1   1   2   1     15   1   1   2   1    -1.81891100000000e+00
   0     13   1   1   2   1     17   1   1   2   1    -1.17720800000000e+00
   0     13   1   1   2   1     19   1   1   2   1    -6.99842900000000e-01
   0     15   1   1   2   1     15   1   1   2   1    -1.36212200000000e+00
   0     15   1   1   2   1     17   1   1   2   1    -8.99938600000000e-01
   0     15   1   1   2   1     19   1   1   2   1    -5.43322500000000e-01
   0     17   1   1   2   1     17   1   1   2   1    -6.02937600000000e-01
   0     17   1   1   2   1     19   1   1   2   1    -3.67740100000000e-01
   0     19   1   1   2   1     19   1   1   2   1    -2.25935100000000e-01
   0      1   1   1   2   1      3   3   1   2   1    3.74646500000000e-01
   0      1   1   1   2   1      5   3   1   2   1    -5.98478300000000e-02
   0      1   1   1   2   1      7   3   1   2   1    -1.08144100000000e-01
   0      1   1   1   2   1      9   3   1   2   1    -4.97239800000000e-02
   0      1   1   1   2   1     11   3   1   2   1    -7.89890200000000e-03
   0      1   1   1   2   1     13   3   1   2   1    6.56775000000000e-03
   0      1   1   1   2   1     15   3   1   2   1    7.52431700000000e-03
   0      1   1   1   2   1     17   3   1   2   1    4.87710800000000e-03
   0      1   1   1   2   1     19   3   1   2   1    2.46346500000000e-03
   0      3   1   1   2   1      3   3   1   2   1    6.26426500000000e-01
   0      3   1   1   2   1      5   3   1   2   1    6.66872100000000e-01
   0      3   1   1   2   1      7   3   1   2   1    2.13362800000000e-01
   0      3   1   1   2   1      9   3   1   2   1    -5.81311400000000e-02
   0      3   1   1   2   1     11   3   1   2   1    -1.17445900000000e-01
   0      3   1   1   2   1     13   3   1   2   1    -8.77953300000000e-02
   0      3   1   1   2   1     15   3   1   2   1    -4.68985600000000e-02
   0      3   1   1   2   1     17   3   1   2   1    -1.93708200000000e-02
   0      3   1   1   2   1     19   3   1   2   1    -5.59491100000000e-03
   0      5   1   1   2   1      3   3   1   2   1    1.76509100000000e-01
   0      5   1   1   2   1      5   3   1   2   1    6.24629700000000e-01
   0      5   1   1   2   1      7   3   1   2   1    6.32846300000000e-01
   0      5   1   1   2   1      9   3   1   2   1    3.90817200000000e-01
   0      5   1   1   2   1     11   3   1   2   1    1.57020400000000e-01
   0      5   1   1   2   1     13   3   1   2   1    2.05862400000000e-02
   0      5   1   1   2   1     15   3   1   2   1    -3.29676600000000e-02
   0      5   1   1   2   1     17   3   1   2   1    -4.15195300000000e-02
   0      5   1   1   2   1     19   3   1   2   1    -3.31349800000000e-02
   0      7   1   1   2   1      3   3   1   2   1    -2.14544100000000e-03
   0      7   1   1   2   1      5   3   1   2   1    2.74894300000000e-01
   0      7   1   1   2   1      7   3   1   2   1    5.58856500000000e-01
   0      7   1   1   2   1      9   3   1   2   1    5.71537700000000e-01
   0      7   1   1   2   1     11   3   1   2   1    4.28848200000000e-01
   0      7   1   1   2   1     13   3   1   2   1    2.68056300000000e-01
   0      7   1   1   2   1     15   3   1   2   1    1.48078100000000e-01
   0      7   1   1   2   1     17   3   1   2   1    7.46551600000000e-02
   0      7   1   1   2   1     19   3   1   2   1    3.50059200000000e-02
   0      9   1   1   2   1      3   3   1   2   1    -9.85237600000000e-03
   0      9   1   1   2   1      5   3   1   2   1    2.14278700000000e-02
   0      9   1   1   2   1      7   3   1   2   1    3.32094000000000e-01
   0      9   1   1   2   1      9   3   1   2   1    5.05073400000000e-01
   0      9   1   1   2   1     11   3   1   2   1    4.87368700000000e-01
   0      9   1   1   2   1     13   3   1   2   1    3.74251600000000e-01
   0      9   1   1   2   1     15   3   1   2   1    2.49376300000000e-01
   0      9   1   1   2   1     17   3   1   2   1    1.50647300000000e-01
   0      9   1   1   2   1     19   3   1   2   1    8.46513000000000e-02
   0     11   1   1   2   1      3   3   1   2   1    1.30303700000000e-02
   0     11   1   1   2   1      5   3   1   2   1    -7.88411000000000e-02
   0     11   1   1   2   1      7   3   1   2   1    1.54624200000000e-01
   0     11   1   1   2   1      9   3   1   2   1    3.54841100000000e-01
   0     11   1   1   2   1     11   3   1   2   1    3.99897400000000e-01
   0     11   1   1   2   1     13   3   1   2   1    3.37299400000000e-01
   0     11   1   1   2   1     15   3   1   2   1    2.40297200000000e-01
   0     11   1   1   2   1     17   3   1   2   1    1.52850400000000e-01
   0     11   1   1   2   1     19   3   1   2   1    8.95476600000000e-02
   0     13   1   1   2   1      3   3   1   2   1    2.33440200000000e-02
   0     13   1   1   2   1      5   3   1   2   1    -8.90159700000000e-02
   0     13   1   1   2   1      7   3   1   2   1    5.77548400000000e-02
   0     13   1   1   2   1      9   3   1   2   1    2.17495900000000e-01
   0     13   1   1   2   1     11   3   1   2   1    2.73363700000000e-01
   0     13   1   1   2   1     13   3   1   2   1    2.43633300000000e-01
   0     13   1   1   2   1     15   3   1   2   1    1.79789900000000e-01
   0     13   1   1   2   1     17   3   1   2   1    1.17273800000000e-01
   0     13   1   1   2   1     19   3   1   2   1    7.00314200000000e-02
   0     15   1   1   2   1      3   3   1   2   1    2.15934500000000e-02
   0     15   1   1   2   1      5   3   1   2   1    -6.71755300000000e-02
   0     15   1   1   2   1      7   3   1   2   1    1.56128600000000e-02
   0     15   1   1   2   1      9   3   1   2   1    1.21608200000000e-01
   0     15   1   1   2   1     11   3   1   2   1    1.65892200000000e-01
   0     15   1   1   2   1     13   3   1   2   1    1.53346000000000e-01
   0     15   1   1   2   1     15   3   1   2   1    1.15665800000000e-01
   0     15   1   1   2   1     17   3   1   2   1    7.65857100000000e-02
   0     15   1   1   2   1     19   3   1   2   1    4.62425800000000e-02
   0     17   1   1   2   1      3   3   1   2   1    1.54659800000000e-02
   0     17   1   1   2   1      5   3   1   2   1    -4.24331900000000e-02
   0     17   1   1   2   1      7   3   1   2   1    9.31306600000000e-04
   0     17   1   1   2   1      9   3   1   2   1    6.36127300000000e-02
   0     17   1   1   2   1     11   3   1   2   1    9.25233100000000e-02
   0     17   1   1   2   1     13   3   1   2   1    8.77788300000000e-02
   0     17   1   1   2   1     15   3   1   2   1    6.72059300000000e-02
   0     17   1   1   2   1     17   3   1   2   1    4.49443700000000e-02
   0     17   1   1   2   1     19   3   1   2   1    2.73339900000000e-02
   0     19   1   1   2   1      3   3   1   2   1    9.58222700000000e-03
   0     19   1   1   2   1      5   3   1   2   1    -2.40935500000000e-02
   0     19   1   1   2   1      7   3   1   2   1    -2.57927000000000e-03
   0     19   1   1   2   1      9   3   1   2   1    3.16289500000000e-02
   0     19   1   1   2   1     11   3   1   2   1    4.84427700000000e-02
   0     19   1   1   2   1     13   3   1   2   1    4.68616500000000e-02
   0     19   1   1   2   1     15   3   1   2   1    3.62692700000000e-02
   0     19   1   1   2   1     17   3   1   2   1    2.44278600000000e-02
   0     19   1   1   2   1     19   3   1   2   1    1.49319400000000e-02
   0      2   2   0   2   1      2   2   0   2   1    -5.29265100000000e-01
   0      2   2   0   2   1      4   2   0   2   1    -4.23604200000000e-01
   0      2   2   0   2   1      6   2   0   2   1    1.79898200000000e-01
   0      2   2   0   2   1      8   2   0   2   1    2.75193800000000e-01
   0      2   2   0   2   1     10   2   0   2   1    1.29904300000000e-01
   0      2   2   0   2   1     12   2   0   2   1    -1.37520200000000e-03
   0      2   2   0   2   1     14   2   0   2   1    -5.82546700000000e-02
   0      2   2   0   2   1     16   2   0   2   1    -6.38875300000000e-02
   0      2   2   0   2   1     18   2   0   2   1    -4.92011700000000e-02
   0      2   2   0   2   1     20   2   0   2   1    -3.19877400000000e-02
   0      4   2   0   2   1      4   2   0   2   1    -1.58273200000000e+00
   0      4   2   0   2   1      6   2   0   2   1    -1.14119800000000e+00
   0      4   2   0   2   1      8   2   0   2   1    -2.47549900000000e-01
   0      4   2   0   2   1     10   2   0   2   1    3.10660200000000e-01
   0      4   2   0   2   1     12   2   0   2   1    4.69527000000000e-01
   0      4   2   0   2   1     14   2   0   2   1    4.10523500000000e-01
   0      4   2   0   2   1     16   2   0   2   1    2.88408400000000e-01
   0      4   2   0   2   1     18   2   0   2   1    1.78321100000000e-01
   0      4   2   0   2   1     20   2   0   2   1    1.01110900000000e-01
   0      6   2   0   2   1      6   2   0   2   1    -2.17786900000000e+00
   0      6   2   0   2   1      8   2   0   2   1    -1.85184300000000e+00
   0      6   2   0   2   1     10   2   0   2   1    -1.08996600000000e+00
   0      6   2   0   2   1     12   2   0   2   1    -4.89830000000000e-01
   0      6   2   0   2   1     14   2   0   2   1    -1.60253200000000e-01
   0      6   2   0   2   1     16   2   0   2   1    -2.08540400000000e-02
   0      6   2   0   2   1     18   2   0   2   1    2.16355300000000e-02
   0      6   2   0   2   1     20   2   0   2   1    2.56545800000000e-02
   0      8   2   0   2   1      8   2   0   2   1    -2.52353800000000e+00
   0      8   2   0   2   1     10   2   0   2   1    -2.26971000000000e+00
   0      8   2   0   2   1     12   2   0   2   1    -1.65010200000000e+00
   0      8   2   0   2   1     14   2   0   2   1    -1.05012500000000e+00
   0      8   2   0   2   1     16   2   0   2   1    -6.09391800000000e-01
   0      8   2   0   2   1     18   2   0   2   1    -3.30321700000000e-01
   0      8   2   0   2   1     20   2   0   2   1    -1.69865500000000e-01
   0     10   2   0   2   1     10   2   0   2   1    -2.49217000000000e+00
   0     10   2   0   2   1     12   2   0   2   1    -2.06082100000000e+00
   0     10   2   0   2   1     14   2   0   2   1    -1.43952400000000e+00
   0     10   2   0   2   1     16   2   0   2   1    -8.97327700000000e-01
   0     10   2   0   2   1     18   2   0   2   1    -5.14995300000000e-01
   0     10   2   0   2   1     20   2   0   2   1    -2.77541000000000e-01
   0     12   2   0   2   1     12   2   0   2   1    -1.81960900000000e+00
   0     12   2   0   2   1     14   2   0   2   1    -1.32398600000000e+00
   0     12   2   0   2   1     16   2   0   2   1    -8.48876300000000e-01
   0     12   2   0   2   1     18   2   0   2   1    -4.97379200000000e-01
   0     12   2   0   2   1     20   2   0   2   1    -2.72344800000000e-01
   0     14   2   0   2   1     14   2   0   2   1    -9.86298200000000e-01
   0     14   2   0   2   1     16   2   0   2   1    -6.42223700000000e-01
   0     14   2   0   2   1     18   2   0   2   1    -3.80456100000000e-01
   0     14   2   0   2   1     20   2   0   2   1    -2.10046000000000e-01
   0     16   2   0   2   1     16   2   0   2   1    -4.22333800000000e-01
   0     16   2   0   2   1     18   2   0   2   1    -2.51922900000000e-01
   0     16   2   0   2   1     20   2   0   2   1    -1.39794500000000e-01
   0     18   2   0   2   1     18   2   0   2   1    -1.50987900000000e-01
   0     18   2   0   2   1     20   2   0   2   1    -8.40767900000000e-02
   0     20   2   0   2   1     20   2   0   2   1    -4.69365600000000e-02
   0      2   2   1   1   0      2   2   1   1   0    4.01142900000000e-01
   0      2   2   1   1   0      4   2   1   1   0    6.91525100000000e-02
   0      2   2   1   1   0      6   2   1   1   0    -1.22801200000000e+00
   0      2   2   1   1   0      8   2   1   1   0    -1.27381300000000e+00
   0      2   2   1   1   0     10   2   1   1   0    -7.49475200000000e-01
   0      2   2   1   1   0     12   2   1   1   0    -2.85352900000000e-01
   0      2   2   1   1   0     14   2   1   1   0    -3.70236100000000e-02
   0      2   2   1   1   0     16   2   1   1   0    5.17547800000000e-02
   0      2   2   1   1   0     18   2   1   1   0    6.28460000000000e-02
   0      2   2   1   1   0     20   2   1   1   0    4.80890500000000e-02
   0      4   2   1   1   0      4   2   1   1   0    3.59543800000000e+00
   0      4   2   1   1   0      6   2   1   1   0    2.90064800000000e+00
   0      4   2   1   1   0      8   2   1   1   0    8.86733400000000e-01
   0      4   2   1   1   0     10   2   1   1   0    -4.55636500000000e-01
   0      4   2   1   1   0     12   2   1   1   0    -8.99328700000000e-01
   0      4   2   1   1   0     14   2   1   1   0    -8.30408200000000e-01
   0      4   2   1   1   0     16   2   1   1   0    -5.96862100000000e-01
   0      4   2   1   1   0     18   2   1   1   0    -3.73563300000000e-01
   0      4   2   1   1   0     20   2   1   1   0    -2.13392000000000e-01
   0      6   2   1   1   0      6   2   1   1   0    5.76758600000000e+00
   0      6   2   1   1   0      8   2   1   1   0    5.08729700000000e+00
   0      6   2   1   1   0     10   2   1   1   0    3.19608100000000e+00
   0      6   2   1   1   0     12   2   1   1   0    1.61687400000000e+00
   0      6   2   1   1   0     14   2   1   1   0    6.81282600000000e-01
   0      6   2   1   1   0     16   2   1   1   0    2.31734500000000e-01
   0      6   2   1   1   0     18   2   1   1   0    5.15499400000000e-02
   0      6   2   1   1   0     20   2   1   1   0    -5.94649900000000e-03
   0      8   2   1   1   0      8   2   1   1   0    6.58613900000000e+00
   0      8   2   1   1   0     10   2   1   1   0    5.75670100000000e+00
   0      8   2   1   1   0     12   2   1   1   0    4.10409100000000e+00
   0      8   2   1   1   0     14   2   1   1   0    2.57374100000000e+00
   0      8   2   1   1   0     16   2   1   1   0    1.47626700000000e+00
   0      8   2   1   1   0     18   2   1   1   0    7.92610000000000e-01
   0      8   2   1   1   0     20   2   1   1   0    4.04337900000000e-01
   0     10   2   1   1   0     10   2   1   1   0    5.97688200000000e+00
   0     10   2   1   1   0     12   2   1   1   0    4.78721800000000e+00
   0     10   2   1   1   0     14   2   1   1   0    3.27428000000000e+00
   0     10   2   1   1   0     16   2   1   1   0    2.01048900000000e+00
   0     10   2   1   1   0     18   2   1   1   0    1.14081800000000e+00
   0     10   2   1   1   0     20   2   1   1   0    6.09360200000000e-01
   0     12   2   1   1   0     12   2   1   1   0    4.08739400000000e+00
   0     12   2   1   1   0     14   2   1   1   0    2.91391100000000e+00
   0     12   2   1   1   0     16   2   1   1   0    1.84250800000000e+00
   0     12   2   1   1   0     18   2   1   1   0    1.06874100000000e+00
   0     12   2   1   1   0     20   2   1   1   0    5.80724300000000e-01
   0     14   2   1   1   0     14   2   1   1   0    2.12968500000000e+00
   0     14   2   1   1   0     16   2   1   1   0    1.36940000000000e+00
   0     14   2   1   1   0     18   2   1   1   0    8.04001800000000e-01
   0     14   2   1   1   0     20   2   1   1   0    4.40906400000000e-01
   0     16   2   1   1   0     16   2   1   1   0    8.90233000000000e-01
   0     16   2   1   1   0     18   2   1   1   0    5.26743000000000e-01
   0     16   2   1   1   0     20   2   1   1   0    2.90538900000000e-01
   0     18   2   1   1   0     18   2   1   1   0    3.13361600000000e-01
   0     18   2   1   1   0     20   2   1   1   0    1.73536500000000e-01
   0     20   2   1   1   0     20   2   1   1   0    9.63859600000000e-02
   0      2   2   1   2   0      2   2   1   2   0    2.22813800000000e+00
   0      2   2   1   2   0      4   2   1   2   0    -1.02702900000000e+01
   0      2   2   1   2   0      6   2   1   2   0    -2.03217000000000e+01
   0      2   2   1   2   0      8   2   1   2   0    -2.05825900000000e+01
   0      2   2   1   2   0     10   2   1   2   0    -1.56723500000000e+01
   0      2   2   1   2   0     12   2   1   2   0    -1.01320200000000e+01
   0      2   2   1   2   0     14   2   1   2   0    -5.88366200000000e+00
   0      2   2   1   2   0     16   2   1   2   0    -3.16594000000000e+00
   0      2   2   1   2   0     18   2   1   2   0    -1.60904300000000e+00
   0      2   2   1   2   0     20   2   1   2   0    -7.82227600000000e-01
   0      4   2   1   2   0      4   2   1   2   0    -2.24109200000000e+00
   0      4   2   1   2   0      6   2   1   2   0    -7.22769500000000e+00
   0      4   2   1   2   0      8   2   1   2   0    -9.20770600000000e+00
   0      4   2   1   2   0     10   2   1   2   0    -7.57875000000000e+00
   0      4   2   1   2   0     12   2   1   2   0    -4.96817400000000e+00
   0      4   2   1   2   0     14   2   1   2   0    -2.82953900000000e+00
   0      4   2   1   2   0     16   2   1   2   0    -1.46318300000000e+00
   0      4   2   1   2   0     18   2   1   2   0    -7.04614900000000e-01
   0      4   2   1   2   0     20   2   1   2   0    -3.21025200000000e-01
   0      6   2   1   2   0      6   2   1   2   0    -8.59076600000000e+00
   0      6   2   1   2   0      8   2   1   2   0    -8.99399500000000e+00
   0      6   2   1   2   0     10   2   1   2   0    -6.95865800000000e+00
   0      6   2   1   2   0     12   2   1   2   0    -4.40967800000000e+00
   0      6   2   1   2   0     14   2   1   2   0    -2.44465900000000e+00
   0      6   2   1   2   0     16   2   1   2   0    -1.23132800000000e+00
   0      6   2   1   2   0     18   2   1   2   0    -5.76358600000000e-01
   0      6   2   1   2   0     20   2   1   2   0    -2.54249300000000e-01
   0      8   2   1   2   0      8   2   1   2   0    -9.23827400000000e+00
   0      8   2   1   2   0     10   2   1   2   0    -7.65371900000000e+00
   0      8   2   1   2   0     12   2   1   2   0    -5.33922400000000e+00
   0      8   2   1   2   0     14   2   1   2   0    -3.29908100000000e+00
   0      8   2   1   2   0     16   2   1   2   0    -1.86756500000000e+00
   0      8   2   1   2   0     18   2   1   2   0    -9.90063000000000e-01
   0      8   2   1   2   0     20   2   1   2   0    -4.98844100000000e-01
   0     10   2   1   2   0     10   2   1   2   0    -6.97134200000000e+00
   0     10   2   1   2   0     12   2   1   2   0    -5.30051300000000e+00
   0     10   2   1   2   0     14   2   1   2   0    -3.52779800000000e+00
   0     10   2   1   2   0     16   2   1   2   0    -2.12928400000000e+00
   0     10   2   1   2   0     18   2   1   2   0    -1.19362200000000e+00
   0     10   2   1   2   0     20   2   1   2   0    -6.31668500000000e-01
   0     12   2   1   2   0     12   2   1   2   0    -4.28497900000000e+00
   0     12   2   1   2   0     14   2   1   2   0    -2.98191900000000e+00
   0     12   2   1   2   0     16   2   1   2   0    -1.86162600000000e+00
   0     12   2   1   2   0     18   2   1   2   0    -1.07160500000000e+00
   0     12   2   1   2   0     20   2   1   2   0    -5.79354600000000e-01
   0     14   2   1   2   0     14   2   1   2   0    -2.13614600000000e+00
   0     14   2   1   2   0     16   2   1   2   0    -1.36096700000000e+00
   0     14   2   1   2   0     18   2   1   2   0    -7.95286300000000e-01
   0     14   2   1   2   0     20   2   1   2   0    -4.34987900000000e-01
   0     16   2   1   2   0     16   2   1   2   0    -8.78889900000000e-01
   0     16   2   1   2   0     18   2   1   2   0    -5.18565800000000e-01
   0     16   2   1   2   0     20   2   1   2   0    -2.85698700000000e-01
   0     18   2   1   2   0     18   2   1   2   0    -3.08031000000000e-01
   0     18   2   1   2   0     20   2   1   2   0    -1.70550700000000e-01
   0     20   2   1   2   0     20   2   1   2   0    -9.47722200000000e-02
   0      2   2   1   3   0      2   2   1   3   0    -1.73489500000000e-01
   0      2   2   1   3   0      4   2   1   3   0    -2.69719100000000e-01
   0      2   2   1   3   0      6   2   1   3   0    -2.43382900000000e-02
   0      2   2   1   3   0      8   2   1   3   0    9.00056500000000e-02
   0      2   2   1   3   0     10   2   1   3   0    8.79063800000000e-02
   0      2   2   1   3   0     12   2   1   3   0    5.28062000000000e-02
   0      2   2   1   3   0     14   2   1   3   0    2.39073100000000e-02
   0      2   2   1   3   0     16   2   1   3   0    8.03198400000000e-03
   0      2   2   1   3   0     18   2   1   3   0    1.31326000000000e-03
   0      2   2   1   3   0     20   2   1   3   0    -7.82324900000000e-04
   0      4   2   1   3   0      4   2   1   3   0    -7.90717400000000e-01
   0      4   2   1   3   0      6   2   1   3   0    -6.80103300000000e-01
   0      4   2   1   3   0      8   2   1   3   0    -3.45932500000000e-01
   0      4   2   1   3   0     10   2   1   3   0    -9.25480400000000e-02
   0      4   2   1   3   0     12   2   1   3   0    2.68894800000000e-02
   0      4   2   1   3   0     14   2   1   3   0    5.85053000000000e-02
   0      4   2   1   3   0     16   2   1   3   0    5.19806100000000e-02
   0      4   2   1   3   0     18   2   1   3   0    3.58972600000000e-02
   0      4   2   1   3   0     20   2   1   3   0    2.17065200000000e-02
   0      6   2   1   3   0      6   2   1   3   0    -9.81710000000000e-01
   0      6   2   1   3   0      8   2   1   3   0    -8.69801900000000e-01
   0      6   2   1   3   0     10   2   1   3   0    -6.08146800000000e-01
   0      6   2   1   3   0     12   2   1   3   0    -3.68605500000000e-01
   0      6   2   1   3   0     14   2   1   3   0    -2.02918300000000e-01
   0      6   2   1   3   0     16   2   1   3   0    -1.04210400000000e-01
   0      6   2   1   3   0     18   2   1   3   0    -5.07760100000000e-02
   0      6   2   1   3   0     20   2   1   3   0    -2.37406000000000e-02
   0      8   2   1   3   0      8   2   1   3   0    -9.88126700000000e-01
   0      8   2   1   3   0     10   2   1   3   0    -8.16693700000000e-01
   0      8   2   1   3   0     12   2   1   3   0    -5.64039600000000e-01
   0      8   2   1   3   0     14   2   1   3   0    -3.46448600000000e-01
   0      8   2   1   3   0     16   2   1   3   0    -1.95802200000000e-01
   0      8   2   1   3   0     18   2   1   3   0    -1.03961700000000e-01
   0      8   2   1   3   0     20   2   1   3   0    -5.25727700000000e-02
   0     10   2   1   3   0     10   2   1   3   0    -7.29081900000000e-01
   0     10   2   1   3   0     12   2   1   3   0    -5.27378400000000e-01
   0     10   2   1   3   0     14   2   1   3   0    -3.34343900000000e-01
   0     10   2   1   3   0     16   2   1   3   0    -1.93429000000000e-01
   0     10   2   1   3   0     18   2   1   3   0    -1.04583400000000e-01
   0     10   2   1   3   0     20   2   1   3   0    -5.36660300000000e-02
   0     12   2   1   3   0     12   2   1   3   0    -3.90625500000000e-01
   0     12   2   1   3   0     14   2   1   3   0    -2.51225600000000e-01
   0     12   2   1   3   0     16   2   1   3   0    -1.46742000000000e-01
   0     12   2   1   3   0     18   2   1   3   0    -7.98844200000000e-02
   0     12   2   1   3   0     20   2   1   3   0    -4.12015400000000e-02
   0     14   2   1   3   0     14   2   1   3   0    -1.62840500000000e-01
   0     14   2   1   3   0     16   2   1   3   0    -9.55648000000000e-02
   0     14   2   1   3   0     18   2   1   3   0    -5.21816300000000e-02
   0     14   2   1   3   0     20   2   1   3   0    -2.69678800000000e-02
   0     16   2   1   3   0     16   2   1   3   0    -5.62238800000000e-02
   0     16   2   1   3   0     18   2   1   3   0    -3.07420000000000e-02
   0     16   2   1   3   0     20   2   1   3   0    -1.58991600000000e-02
   0     18   2   1   3   0     18   2   1   3   0    -1.68180900000000e-02
   0     18   2   1   3   0     20   2   1   3   0    -8.69881300000000e-03
   0     20   2   1   3   0     20   2   1   3   0    -4.49826100000000e-03
   0      2   2   1   3   0      4   4   1   3   0    -4.97813000000000e-01
   0      2   2   1   3   0      6   4   1   3   0    5.72775900000000e-01
   0      2   2   1   3   0      8   4   1   3   0    7.36053700000000e-01
   0      2   2   1   3   0     10   4   1   3   0    4.96329800000000e-01
   0      2   2   1   3   0     12   4   1   3   0    2.46160100000000e-01
   0      2   2   1   3   0     14   4   1   3   0    9.34851200000000e-02
   0      2   2   1   3   0     16   4   1   3   0    2.29115000000000e-02
   0      2   2   1   3   0     18   4   1   3   0    -2.16232000000000e-03
   0      2   2   1   3   0     20   4   1   3   0    -7.60047100000000e-03
   0      4   2   1   3   0      4   4   1   3   0    -1.30803500000000e+00
   0      4   2   1   3   0      6   4   1   3   0    -1.52295300000000e+00
   0      4   2   1   3   0      8   4   1   3   0    -8.12347000000000e-01
   0      4   2   1   3   0     10   4   1   3   0    -1.61259000000000e-01
   0      4   2   1   3   0     12   4   1   3   0    1.54672700000000e-01
   0      4   2   1   3   0     14   4   1   3   0    2.25622200000000e-01
   0      4   2   1   3   0     16   4   1   3   0    1.88581300000000e-01
   0      4   2   1   3   0     18   4   1   3   0    1.27580700000000e-01
   0      4   2   1   3   0     20   4   1   3   0    7.64736400000000e-02
   0      6   2   1   3   0      4   4   1   3   0    -4.48833600000000e-01
   0      6   2   1   3   0      6   4   1   3   0    -1.65949900000000e+00
   0      6   2   1   3   0      8   4   1   3   0    -1.75423900000000e+00
   0      6   2   1   3   0     10   4   1   3   0    -1.30805500000000e+00
   0      6   2   1   3   0     12   4   1   3   0    -8.14418100000000e-01
   0      6   2   1   3   0     14   4   1   3   0    -4.52902700000000e-01
   0      6   2   1   3   0     16   4   1   3   0    -2.32891600000000e-01
   0      6   2   1   3   0     18   4   1   3   0    -1.13026900000000e-01
   0      6   2   1   3   0     20   4   1   3   0    -5.24584700000000e-02
   0      8   2   1   3   0      4   4   1   3   0    1.84579200000000e-01
   0      8   2   1   3   0      6   4   1   3   0    -1.10072200000000e+00
   0      8   2   1   3   0      8   4   1   3   0    -1.70822500000000e+00
   0      8   2   1   3   0     10   4   1   3   0    -1.60939500000000e+00
   0      8   2   1   3   0     12   4   1   3   0    -1.20305200000000e+00
   0      8   2   1   3   0     14   4   1   3   0    -7.81349900000000e-01
   0      8   2   1   3   0     16   4   1   3   0    -4.60834000000000e-01
   0      8   2   1   3   0     18   4   1   3   0    -2.53194600000000e-01
   0      8   2   1   3   0     20   4   1   3   0    -1.31716400000000e-01
   0     10   2   1   3   0      4   4   1   3   0    3.58246800000000e-01
   0     10   2   1   3   0      6   4   1   3   0    -5.79705100000000e-01
   0     10   2   1   3   0      8   4   1   3   0    -1.24044900000000e+00
   0     10   2   1   3   0     10   4   1   3   0    -1.32182000000000e+00
   0     10   2   1   3   0     12   4   1   3   0    -1.06305000000000e+00
   0     10   2   1   3   0     14   4   1   3   0    -7.25941700000000e-01
   0     10   2   1   3   0     16   4   1   3   0    -4.44320000000000e-01
   0     10   2   1   3   0     18   4   1   3   0    -2.51225400000000e-01
   0     10   2   1   3   0     20   4   1   3   0    -1.33724800000000e-01
   0     12   2   1   3   0      4   4   1   3   0    3.03540000000000e-01
   0     12   2   1   3   0      6   4   1   3   0    -2.61083900000000e-01
   0     12   2   1   3   0      8   4   1   3   0    -7.65252900000000e-01
   0     12   2   1   3   0     10   4   1   3   0    -8.86750400000000e-01
   0     12   2   1   3   0     12   4   1   3   0    -7.44889200000000e-01
   0     12   2   1   3   0     14   4   1   3   0    -5.22874000000000e-01
   0     12   2   1   3   0     16   4   1   3   0    -3.26238900000000e-01
   0     12   2   1   3   0     18   4   1   3   0    -1.87107900000000e-01
   0     12   2   1   3   0     20   4   1   3   0    -1.00699400000000e-01
   0     14   2   1   3   0      4   4   1   3   0    1.98316100000000e-01
   0     14   2   1   3   0      6   4   1   3   0    -1.02441100000000e-01
   0     14   2   1   3   0      8   4   1   3   0    -4.24723100000000e-01
   0     14   2   1   3   0     10   4   1   3   0    -5.25111500000000e-01
   0     14   2   1   3   0     12   4   1   3   0    -4.54927400000000e-01
   0     14   2   1   3   0     14   4   1   3   0    -3.25339500000000e-01
   0     14   2   1   3   0     16   4   1   3   0    -2.05566700000000e-01
   0     14   2   1   3   0     18   4   1   3   0    -1.18982900000000e-01
   0     14   2   1   3   0     20   4   1   3   0    -6.44829400000000e-02
   0     16   2   1   3   0      4   4   1   3   0    1.12649500000000e-01
   0     16   2   1   3   0      6   4   1   3   0    -3.42054700000000e-02
   0     16   2   1   3   0      8   4   1   3   0    -2.18751200000000e-01
   0     16   2   1   3   0     10   4   1   3   0    -2.85485300000000e-01
   0     16   2   1   3   0     12   4   1   3   0    -2.53361200000000e-01
   0     16   2   1   3   0     14   4   1   3   0    -1.83761000000000e-01
   0     16   2   1   3   0     16   4   1   3   0    -1.17200900000000e-01
   0     16   2   1   3   0     18   4   1   3   0    -6.82920700000000e-02
   0     16   2   1   3   0     20   4   1   3   0    -3.71980800000000e-02
   0     18   2   1   3   0      4   4   1   3   0    5.84517400000000e-02
   0     18   2   1   3   0      6   4   1   3   0    -8.62106800000000e-03
   0     18   2   1   3   0      8   4   1   3   0    -1.06546700000000e-01
   0     18   2   1   3   0     10   4   1   3   0    -1.45801900000000e-01
   0     18   2   1   3   0     12   4   1   3   0    -1.32008400000000e-01
   0     18   2   1   3   0     14   4   1   3   0    -9.68424200000000e-02
   0     18   2   1   3   0     16   4   1   3   0    -6.22272800000000e-02
   0     18   2   1   3   0     18   4   1   3   0    -3.64514500000000e-02
   0     18   2   1   3   0     20   4   1   3   0    -1.99333700000000e-02
   0     20   2   1   3   0      4   4   1   3   0    2.84372500000000e-02
   0     20   2   1   3   0      6   4   1   3   0    -5.70492600000000e-04
   0     20   2   1   3   0      8   4   1   3   0    -4.96899200000000e-02
   0     20   2   1   3   0     10   4   1   3   0    -7.09838900000000e-02
   0     20   2   1   3   0     12   4   1   3   0    -6.53871800000000e-02
   0     20   2   1   3   0     14   4   1   3   0    -4.84330700000000e-02
   0     20   2   1   3   0     16   4   1   3   0    -3.13156300000000e-02
   0     20   2   1   3   0     18   4   1   3   0    -1.84245100000000e-02
   0     20   2   1   3   0     20   4   1   3   0    -1.01082200000000e-02
   0      3   3   0   3   0      3   3   0   3   0    3.88212400000000e-01
   0      3   3   0   3   0      5   3   0   3   0    1.12615600000000e-01
   0      3   3   0   3   0      7   3   0   3   0    -3.30351600000000e-01
   0      3   3   0   3   0      9   3   0   3   0    -3.61652100000000e-01
   0      3   3   0   3   0     11   3   0   3   0    -1.94604700000000e-01
   0      3   3   0   3   0     13   3   0   3   0    -4.25338200000000e-02
   0      3   3   0   3   0     15   3   0   3   0    3.46107500000000e-02
   0      3   3   0   3   0     17   3   0   3   0    5.45728200000000e-02
   0      3   3   0   3   0     19   3   0   3   0    4.75036100000000e-02
   0      5   3   0   3   0      5   3   0   3   0    8.45491200000000e-01
   0      5   3   0   3   0      7   3   0   3   0    5.26611700000000e-01
   0      5   3   0   3   0      9   3   0   3   0    -6.34446900000000e-02
   0      5   3   0   3   0     11   3   0   3   0    -4.14638000000000e-01
   0      5   3   0   3   0     13   3   0   3   0    -4.85778800000000e-01
   0      5   3   0   3   0     15   3   0   3   0    -4.04113700000000e-01
   0      5   3   0   3   0     17   3   0   3   0    -2.82099700000000e-01
   0      5   3   0   3   0     19   3   0   3   0    -1.76005400000000e-01
   0      7   3   0   3   0      7   3   0   3   0    1.27168100000000e+00
   0      7   3   0   3   0      9   3   0   3   0    1.15074100000000e+00
   0      7   3   0   3   0     11   3   0   3   0    6.81868600000000e-01
   0      7   3   0   3   0     13   3   0   3   0    2.82511400000000e-01
   0      7   3   0   3   0     15   3   0   3   0    5.92569500000000e-02
   0      7   3   0   3   0     17   3   0   3   0    -2.95952500000000e-02
   0      7   3   0   3   0     19   3   0   3   0    -4.82673900000000e-02
   0      9   3   0   3   0      9   3   0   3   0    1.75057900000000e+00
   0      9   3   0   3   0     11   3   0   3   0    1.65008500000000e+00
   0      9   3   0   3   0     13   3   0   3   0    1.23642200000000e+00
   0      9   3   0   3   0     15   3   0   3   0    8.05256000000000e-01
   0      9   3   0   3   0     17   3   0   3   0    4.76411700000000e-01
   0      9   3   0   3   0     19   3   0   3   0    2.62671100000000e-01
   0     11   3   0   3   0     11   3   0   3   0    1.90811200000000e+00
   0     11   3   0   3   0     13   3   0   3   0    1.64095100000000e+00
   0     11   3   0   3   0     15   3   0   3   0    1.18742900000000e+00
   0     11   3   0   3   0     17   3   0   3   0    7.65106200000000e-01
   0     11   3   0   3   0     19   3   0   3   0    4.53115200000000e-01
   0     13   3   0   3   0     13   3   0   3   0    1.51720700000000e+00
   0     13   3   0   3   0     15   3   0   3   0    1.15065600000000e+00
   0     13   3   0   3   0     17   3   0   3   0    7.66714000000000e-01
   0     13   3   0   3   0     19   3   0   3   0    4.65756300000000e-01
   0     15   3   0   3   0     15   3   0   3   0    8.97334400000000e-01
   0     15   3   0   3   0     17   3   0   3   0    6.09276900000000e-01
   0     15   3   0   3   0     19   3   0   3   0    3.75214600000000e-01
   0     17   3   0   3   0     17   3   0   3   0    4.18796700000000e-01
   0     17   3   0   3   0     19   3   0   3   0    2.60165500000000e-01
   0     19   3   0   3   0     19   3   0   3   0    1.62606400000000e-01
   0      3   3   1   2   1      3   3   1   2   1    -2.98306500000000e-01
   0      3   3   1   2   1      5   3   1   2   1    -2.56417900000000e-01
   0      3   3   1   2   1      7   3   1   2   1    -1.58499400000000e-01
   0      3   3   1   2   1      9   3   1   2   1    -7.68162700000000e-02
   0      3   3   1   2   1     11   3   1   2   1    -2.81290300000000e-02
   0      3   3   1   2   1     13   3   1   2   1    -5.38393700000000e-03
   0      3   3   1   2   1     15   3   1   2   1    2.63816700000000e-03
   0      3   3   1   2   1     17   3   1   2   1    4.07538100000000e-03
   0      3   3   1   2   1     19   3   1   2   1    3.29517200000000e-03
   0      5   3   1   2   1      5   3   1   2   1    -3.65104100000000e-01
   0      5   3   1   2   1      7   3   1   2   1    -3.06362600000000e-01
   0      5   3   1   2   1      9   3   1   2   1    -2.10658300000000e-01
   0      5   3   1   2   1     11   3   1   2   1    -1.31290400000000e-01
   0      5   3   1   2   1     13   3   1   2   1    -7.71412300000000e-02
   0      5   3   1   2   1     15   3   1   2   1    -4.34275500000000e-02
   0      5   3   1   2   1     17   3   1   2   1    -2.35889300000000e-02
   0      5   3   1   2   1     19   3   1   2   1    -1.24077700000000e-02
   0      7   3   1   2   1      7   3   1   2   1    -2.88850500000000e-01
   0      7   3   1   2   1      9   3   1   2   1    -2.11427000000000e-01
   0      7   3   1   2   1     11   3   1   2   1    -1.35708800000000e-01
   0      7   3   1   2   1     13   3   1   2   1    -8.02500700000000e-02
   0      7   3   1   2   1     15   3   1   2   1    -4.47814600000000e-02
   0      7   3   1   2   1     17   3   1   2   1    -2.38949900000000e-02
   0      7   3   1   2   1     19   3   1   2   1    -1.22912300000000e-02
   0      9   3   1   2   1      9   3   1   2   1    -1.50422700000000e-01
   0      9   3   1   2   1     11   3   1   2   1    -8.81253000000000e-02
   0      9   3   1   2   1     13   3   1   2   1    -4.51437700000000e-02
   0      9   3   1   2   1     15   3   1   2   1    -2.07842500000000e-02
   0      9   3   1   2   1     17   3   1   2   1    -8.68345100000000e-03
   0      9   3   1   2   1     19   3   1   2   1    -3.27124300000000e-03
   0     11   3   1   2   1     11   3   1   2   1    -4.10903200000000e-02
   0     11   3   1   2   1     13   3   1   2   1    -1.23152500000000e-02
   0     11   3   1   2   1     15   3   1   2   1    4.91408500000000e-04
   0     11   3   1   2   1     17   3   1   2   1    4.21678800000000e-03
   0     11   3   1   2   1     19   3   1   2   1    4.11093500000000e-03
   0     13   3   1   2   1     13   3   1   2   1    5.22900600000000e-03
   0     13   3   1   2   1     15   3   1   2   1    1.04942600000000e-02
   0     13   3   1   2   1     17   3   1   2   1    9.63218200000000e-03
   0     13   3   1   2   1     19   3   1   2   1    6.92245800000000e-03
   0     15   3   1   2   1     15   3   1   2   1    1.19799700000000e-02
   0     15   3   1   2   1     17   3   1   2   1    9.63367200000000e-03
   0     15   3   1   2   1     19   3   1   2   1    6.53079700000000e-03
   0     17   3   1   2   1     17   3   1   2   1    7.38581700000000e-03
   0     17   3   1   2   1     19   3   1   2   1    4.88746700000000e-03
   0     19   3   1   2   1     19   3   1   2   1    3.19252200000000e-03
   0      3   3   1   3   1      3   3   1   3   1    4.24139300000000e-01
   0      3   3   1   3   1      5   3   1   3   1    2.97299500000000e-01
   0      3   3   1   3   1      7   3   1   3   1    6.28768100000000e-02
   0      3   3   1   3   1      9   3   1   3   1    -3.35665300000000e-02
   0      3   3   1   3   1     11   3   1   3   1    -3.56837700000000e-02
   0      3   3   1   3   1     13   3   1   3   1    -1.35980900000000e-02
   0      3   3   1   3   1     15   3   1   3   1    2.47668900000000e-03
   0      3   3   1   3   1     17   3   1   3   1    8.53290000000000e-03
   0      3   3   1   3   1     19   3   1   3   1    8.55527400000000e-03
   0      5   3   1   3   1      5   3   1   3   1    6.26959100000000e-01
   0      5   3   1   3   1      7   3   1   3   1    4.77235200000000e-01
   0      5   3   1   3   1      9   3   1   3   1    2.11190400000000e-01
   0      5   3   1   3   1     11   3   1   3   1    2.87441900000000e-02
   0      5   3   1   3   1     13   3   1   3   1    -4.93265700000000e-02
   0      5   3   1   3   1     15   3   1   3   1    -6.33911500000000e-02
   0      5   3   1   3   1     17   3   1   3   1    -5.14562000000000e-02
   0      5   3   1   3   1     19   3   1   3   1    -3.45593500000000e-02
   0      7   3   1   3   1      7   3   1   3   1    6.84965700000000e-01
   0      7   3   1   3   1      9   3   1   3   1    5.68557000000000e-01
   0      7   3   1   3   1     11   3   1   3   1    3.48454600000000e-01
   0      7   3   1   3   1     13   3   1   3   1    1.70055100000000e-01
   0      7   3   1   3   1     15   3   1   3   1    6.54477700000000e-02
   0      7   3   1   3   1     17   3   1   3   1    1.65766300000000e-02
   0      7   3   1   3   1     19   3   1   3   1    -1.38386000000000e-03
   0      9   3   1   3   1      9   3   1   3   1    6.73010500000000e-01
   0      9   3   1   3   1     11   3   1   3   1    5.72282400000000e-01
   0      9   3   1   3   1     13   3   1   3   1    4.03837400000000e-01
   0      9   3   1   3   1     15   3   1   3   1    2.52378000000000e-01
   0      9   3   1   3   1     17   3   1   3   1    1.44725300000000e-01
   0      9   3   1   3   1     19   3   1   3   1    7.78190400000000e-02
   0     11   3   1   3   1     11   3   1   3   1    5.93975100000000e-01
   0     11   3   1   3   1     13   3   1   3   1    4.85563300000000e-01
   0     11   3   1   3   1     15   3   1   3   1    3.41227800000000e-01
   0     11   3   1   3   1     17   3   1   3   1    2.15730100000000e-01
   0     11   3   1   3   1     19   3   1   3   1    1.26075200000000e-01
   0     13   3   1   3   1     13   3   1   3   1    4.32328100000000e-01
   0     13   3   1   3   1     15   3   1   3   1    3.21710200000000e-01
   0     13   3   1   3   1     17   3   1   3   1    2.12001600000000e-01
   0     13   3   1   3   1     19   3   1   3   1    1.27873300000000e-01
   0     15   3   1   3   1     15   3   1   3   1    2.47851600000000e-01
   0     15   3   1   3   1     17   3   1   3   1    1.67218700000000e-01
   0     15   3   1   3   1     19   3   1   3   1    1.02599200000000e-01
   0     17   3   1   3   1     17   3   1   3   1    1.14559000000000e-01
   0     17   3   1   3   1     19   3   1   3   1    7.10534600000000e-02
   0     19   3   1   3   1     19   3   1   3   1    4.44015600000000e-02
   0      3   3   1   4   1      3   3   1   4   1    -4.33874200000000e-02
   0      3   3   1   4   1      5   3   1   4   1    -6.16614500000000e-02
   0      3   3   1   4   1      7   3   1   4   1    1.06876000000000e-01
   0      3   3   1   4   1      9   3   1   4   1    1.55296500000000e-01
   0      3   3   1   4   1     11   3   1   4   1    1.13185700000000e-01
   0      3   3   1   4   1     13   3   1   4   1    5.68558700000000e-02
   0      3   3   1   4   1     15   3   1   4   1    1.89145500000000e-02
   0      3   3   1   4   1     17   3   1   4   1    8.91690100000000e-04
   0      3   3   1   4   1     19   3   1   4   1    -4.89375000000000e-03
   0      5   3   1   4   1      5   3   1   4   1    -4.59235800000000e-01
   0      5   3   1   4   1      7   3   1   4   1    -3.96855900000000e-01
   0      5   3   1   4   1      9   3   1   4   1    -1.61208300000000e-01
   0      5   3   1   4   1     11   3   1   4   1    1.69294800000000e-02
   0      5   3   1   4   1     13   3   1   4   1    9.15077000000000e-02
   0      5   3   1   4   1     15   3   1   4   1    9.75579300000000e-02
   0      5   3   1   4   1     17   3   1   4   1    7.58117500000000e-02
   0      5   3   1   4   1     19   3   1   4   1    5.02350500000000e-02
   0      7   3   1   4   1      7   3   1   4   1    -7.09002100000000e-01
   0      7   3   1   4   1      9   3   1   4   1    -6.45775900000000e-01
   0      7   3   1   4   1     11   3   1   4   1    -4.32196000000000e-01
   0      7   3   1   4   1     13   3   1   4   1    -2.37409300000000e-01
   0      7   3   1   4   1     15   3   1   4   1    -1.11577000000000e-01
   0      7   3   1   4   1     17   3   1   4   1    -4.50107800000000e-02
   0      7   3   1   4   1     19   3   1   4   1    -1.48598700000000e-02
   0      9   3   1   4   1      9   3   1   4   1    -8.20518800000000e-01
   0      9   3   1   4   1     11   3   1   4   1    -7.23740600000000e-01
   0      9   3   1   4   1     13   3   1   4   1    -5.24323200000000e-01
   0      9   3   1   4   1     15   3   1   4   1    -3.34805200000000e-01
   0      9   3   1   4   1     17   3   1   4   1    -1.95616700000000e-01
   0      9   3   1   4   1     19   3   1   4   1    -1.06959400000000e-01
   0     11   3   1   4   1     11   3   1   4   1    -7.42142300000000e-01
   0     11   3   1   4   1     13   3   1   4   1    -5.97934100000000e-01
   0     11   3   1   4   1     15   3   1   4   1    -4.14688000000000e-01
   0     11   3   1   4   1     17   3   1   4   1    -2.59202100000000e-01
   0     11   3   1   4   1     19   3   1   4   1    -1.50009400000000e-01
   0     13   3   1   4   1     13   3   1   4   1    -5.12765300000000e-01
   0     13   3   1   4   1     15   3   1   4   1    -3.71107300000000e-01
   0     13   3   1   4   1     17   3   1   4   1    -2.39383300000000e-01
   0     13   3   1   4   1     19   3   1   4   1    -1.41965400000000e-01
   0     15   3   1   4   1     15   3   1   4   1    -2.75929800000000e-01
   0     15   3   1   4   1     17   3   1   4   1    -1.81387400000000e-01
   0     15   3   1   4   1     19   3   1   4   1    -1.09099400000000e-01
   0     17   3   1   4   1     17   3   1   4   1    -1.20776500000000e-01
   0     17   3   1   4   1     19   3   1   4   1    -7.33247700000000e-02
   0     19   3   1   4   1     19   3   1   4   1    -4.48149000000000e-02
   0      3   3   1   4   1      5   5   1   4   1    1.05851900000000e-01
   0      3   3   1   4   1      7   5   1   4   1    -1.28860900000000e-01
   0      3   3   1   4   1      9   5   1   4   1    -1.89873100000000e-01
   0      3   3   1   4   1     11   5   1   4   1    -1.47012000000000e-01
   0      3   3   1   4   1     13   5   1   4   1    -8.63544800000000e-02
   0      3   3   1   4   1     15   5   1   4   1    -4.21359500000000e-02
   0      3   3   1   4   1     17   5   1   4   1    -1.74199400000000e-02
   0      3   3   1   4   1     19   5   1   4   1    -5.86861000000000e-03
   0      5   3   1   4   1      5   5   1   4   1    2.76873100000000e-01
   0      5   3   1   4   1      7   5   1   4   1    3.04464200000000e-01
   0      5   3   1   4   1      9   5   1   4   1    1.74968000000000e-01
   0      5   3   1   4   1     11   5   1   4   1    4.89237500000000e-02
   0      5   3   1   4   1     13   5   1   4   1    -1.92502300000000e-02
   0      5   3   1   4   1     15   5   1   4   1    -3.99557900000000e-02
   0      5   3   1   4   1     17   5   1   4   1    -3.68404000000000e-02
   0      5   3   1   4   1     19   5   1   4   1    -2.65016600000000e-02
   0      7   3   1   4   1      5   5   1   4   1    1.37548800000000e-01
   0      7   3   1   4   1      7   5   1   4   1    3.52374800000000e-01
   0      7   3   1   4   1      9   5   1   4   1    3.74733700000000e-01
   0      7   3   1   4   1     11   5   1   4   1    2.90240100000000e-01
   0      7   3   1   4   1     13   5   1   4   1    1.88822100000000e-01
   0      7   3   1   4   1     15   5   1   4   1    1.09741000000000e-01
   0      7   3   1   4   1     17   5   1   4   1    5.88913500000000e-02
   0      7   3   1   4   1     19   5   1   4   1    2.97710800000000e-02
   0      9   3   1   4   1      5   5   1   4   1    -1.01425400000000e-02
   0      9   3   1   4   1      7   5   1   4   1    2.55715700000000e-01
   0      9   3   1   4   1      9   5   1   4   1    3.78245300000000e-01
   0      9   3   1   4   1     11   5   1   4   1    3.55716200000000e-01
   0      9   3   1   4   1     13   5   1   4   1    2.68707500000000e-01
   0      9   3   1   4   1     15   5   1   4   1    1.77253000000000e-01
   0      9   3   1   4   1     17   5   1   4   1    1.06432100000000e-01
   0      9   3   1   4   1     19   5   1   4   1    5.95991700000000e-02
   0     11   3   1   4   1      5   5   1   4   1    -7.55082200000000e-02
   0     11   3   1   4   1      7   5   1   4   1    1.55424700000000e-01
   0     11   3   1   4   1      9   5   1   4   1    2.90305600000000e-01
   0     11   3   1   4   1     11   5   1   4   1    2.96542200000000e-01
   0     11   3   1   4   1     13   5   1   4   1    2.34895400000000e-01
   0     11   3   1   4   1     15   5   1   4   1    1.60061400000000e-01
   0     11   3   1   4   1     17   5   1   4   1    9.84671000000000e-02
   0     11   3   1   4   1     19   5   1   4   1    5.61997500000000e-02
   0     13   3   1   4   1      5   5   1   4   1    -8.05402000000000e-02
   0     13   3   1   4   1      7   5   1   4   1    8.66450100000000e-02
   0     13   3   1   4   1      9   5   1   4   1    1.90962200000000e-01
   0     13   3   1   4   1     11   5   1   4   1    2.02504800000000e-01
   0     13   3   1   4   1     13   5   1   4   1    1.63078700000000e-01
   0     13   3   1   4   1     15   5   1   4   1    1.12161300000000e-01
   0     13   3   1   4   1     17   5   1   4   1    6.94112100000000e-02
   0     13   3   1   4   1     19   5   1   4   1    3.97801000000000e-02
   0     15   3   1   4   1      5   5   1   4   1    -6.15292300000000e-02
   0     15   3   1   4   1      7   5   1   4   1    4.60930100000000e-02
   0     15   3   1   4   1      9   5   1   4   1    1.13451000000000e-01
   0     15   3   1   4   1     11   5   1   4   1    1.21946600000000e-01
   0     15   3   1   4   1     13   5   1   4   1    9.84083700000000e-02
   0     15   3   1   4   1     15   5   1   4   1    6.76228500000000e-02
   0     15   3   1   4   1     17   5   1   4   1    4.17736800000000e-02
   0     15   3   1   4   1     19   5   1   4   1    2.38923500000000e-02
   0     17   3   1   4   1      5   5   1   4   1    -3.98625400000000e-02
   0     17   3   1   4   1      7   5   1   4   1    2.38312100000000e-02
   0     17   3   1   4   1      9   5   1   4   1    6.26401700000000e-02
   0     17   3   1   4   1     11   5   1   4   1    6.72763300000000e-02
   0     17   3   1   4   1     13   5   1   4   1    5.39494200000000e-02
   0     17   3   1   4   1     15   5   1   4   1    3.68193100000000e-02
   0     17   3   1   4   1     17   5   1   4   1    2.25994700000000e-02
   0     17   3   1   4   1     19   5   1   4   1    1.28510600000000e-02
   0     19   3   1   4   1      5   5   1   4   1    -2.32919000000000e-02
   0     19   3   1   4   1      7   5   1   4   1    1.20694700000000e-02
   0     19   3   1   4   1      9   5   1   4   1    3.27138100000000e-02
   0     19   3   1   4   1     11   5   1   4   1    3.47826000000000e-02
   0     19   3   1   4   1     13   5   1   4   1    2.75619000000000e-02
   0     19   3   1   4   1     15   5   1   4   1    1.86026600000000e-02
   0     19   3   1   4   1     17   5   1   4   1    1.13053200000000e-02
   0     19   3   1   4   1     19   5   1   4   1    6.37227000000000e-03
   0      4   4   0   4   1      4   4   0   4   1    -1.79747700000000e-01
   0      4   4   0   4   1      6   4   0   4   1    -1.44907300000000e-01
   0      4   4   0   4   1      8   4   0   4   1    -3.86821400000000e-02
   0      4   4   0   4   1     10   4   0   4   1    3.20179700000000e-02
   0      4   4   0   4   1     12   4   0   4   1    5.40924600000000e-02
   0      4   4   0   4   1     14   4   0   4   1    4.85644800000000e-02
   0      4   4   0   4   1     16   4   0   4   1    3.45184600000000e-02
   0      4   4   0   4   1     18   4   0   4   1    2.14777300000000e-02
   0      4   4   0   4   1     20   4   0   4   1    1.22245600000000e-02
   0      6   4   0   4   1      6   4   0   4   1    -3.39030600000000e-01
   0      6   4   0   4   1      8   4   0   4   1    -3.07957400000000e-01
   0      6   4   0   4   1     10   4   0   4   1    -2.00672100000000e-01
   0      6   4   0   4   1     12   4   0   4   1    -1.08100500000000e-01
   0      6   4   0   4   1     14   4   0   4   1    -5.08363000000000e-02
   0      6   4   0   4   1     16   4   0   4   1    -2.13005000000000e-02
   0      6   4   0   4   1     18   4   0   4   1    -7.92682100000000e-03
   0      6   4   0   4   1     20   4   0   4   1    -2.52342400000000e-03
   0      8   4   0   4   1      8   4   0   4   1    -4.11465200000000e-01
   0      8   4   0   4   1     10   4   0   4   1    -3.67556300000000e-01
   0      8   4   0   4   1     12   4   0   4   1    -2.67067400000000e-01
   0      8   4   0   4   1     14   4   0   4   1    -1.70360200000000e-01
   0      8   4   0   4   1     16   4   0   4   1    -9.92222500000000e-02
   0      8   4   0   4   1     18   4   0   4   1    -5.40086400000000e-02
   0      8   4   0   4   1     20   4   0   4   1    -2.78934800000000e-02
   0     10   4   0   4   1     10   4   0   4   1    -3.82562500000000e-01
   0     10   4   0   4   1     12   4   0   4   1    -3.06166700000000e-01
   0     10   4   0   4   1     14   4   0   4   1    -2.09037300000000e-01
   0     10   4   0   4   1     16   4   0   4   1    -1.28099200000000e-01
   0     10   4   0   4   1     18   4   0   4   1    -7.25459000000000e-02
   0     10   4   0   4   1     20   4   0   4   1    -3.86791800000000e-02
   0     12   4   0   4   1     12   4   0   4   1    -2.57760400000000e-01
   0     12   4   0   4   1     14   4   0   4   1    -1.81658100000000e-01
   0     12   4   0   4   1     16   4   0   4   1    -1.13781200000000e-01
   0     12   4   0   4   1     18   4   0   4   1    -6.54782300000000e-02
   0     12   4   0   4   1     20   4   0   4   1    -3.53420300000000e-02
   0     14   4   0   4   1     14   4   0   4   1    -1.30434700000000e-01
   0     14   4   0   4   1     16   4   0   4   1    -8.27130400000000e-02
   0     14   4   0   4   1     18   4   0   4   1    -4.80205500000000e-02
   0     14   4   0   4   1     20   4   0   4   1    -2.60911100000000e-02
   0     16   4   0   4   1     16   4   0   4   1    -5.28719200000000e-02
   0     16   4   0   4   1     18   4   0   4   1    -3.08683500000000e-02
   0     16   4   0   4   1     20   4   0   4   1    -1.68416600000000e-02
   0     18   4   0   4   1     18   4   0   4   1    -1.80922500000000e-02
   0     18   4   0   4   1     20   4   0   4   1    -9.89938800000000e-03
   0     20   4   0   4   1     20   4   0   4   1    -5.42794000000000e-03
   0      4   4   1   3   0      4   4   1   3   0    5.15619500000000e-01
   0      4   4   1   3   0      6   4   1   3   0    4.20374100000000e-01
   0      4   4   1   3   0      8   4   1   3   0    1.43168600000000e-01
   0      4   4   1   3   0     10   4   1   3   0    -4.53863700000000e-02
   0      4   4   1   3   0     12   4   1   3   0    -1.11463300000000e-01
   0      4   4   1   3   0     14   4   1   3   0    -1.06395900000000e-01
   0      4   4   1   3   0     16   4   1   3   0    -7.74672900000000e-02
   0      4   4   1   3   0     18   4   1   3   0    -4.88071400000000e-02
   0      4   4   1   3   0     20   4   1   3   0    -2.79888700000000e-02
   0      6   4   1   3   0      6   4   1   3   0    8.62655500000000e-01
   0      6   4   1   3   0      8   4   1   3   0    8.11315500000000e-01
   0      6   4   1   3   0     10   4   1   3   0    5.67233000000000e-01
   0      6   4   1   3   0     12   4   1   3   0    3.36306500000000e-01
   0      6   4   1   3   0     14   4   1   3   0    1.79109400000000e-01
   0      6   4   1   3   0     16   4   1   3   0    8.83694600000000e-02
   0      6   4   1   3   0     18   4   1   3   0    4.11467300000000e-02
   0      6   4   1   3   0     20   4   1   3   0    1.82989100000000e-02
   0      8   4   1   3   0      8   4   1   3   0    1.03487200000000e+00
   0      8   4   1   3   0     10   4   1   3   0    9.00854200000000e-01
   0      8   4   1   3   0     12   4   1   3   0    6.42980500000000e-01
   0      8   4   1   3   0     14   4   1   3   0    4.04681800000000e-01
   0      8   4   1   3   0     16   4   1   3   0    2.33216000000000e-01
   0      8   4   1   3   0     18   4   1   3   0    1.25856700000000e-01
   0      8   4   1   3   0     20   4   1   3   0    6.45371000000000e-02
   0     10   4   1   3   0     10   4   1   3   0    8.74184100000000e-01
   0     10   4   1   3   0     12   4   1   3   0    6.69504200000000e-01
   0     10   4   1   3   0     14   4   1   3   0    4.43335700000000e-01
   0     10   4   1   3   0     16   4   1   3   0    2.65602900000000e-01
   0     10   4   1   3   0     18   4   1   3   0    1.47817400000000e-01
   0     10   4   1   3   0     20   4   1   3   0    7.77257700000000e-02
   0     12   4   1   3   0     12   4   1   3   0    5.33718900000000e-01
   0     12   4   1   3   0     14   4   1   3   0    3.62916300000000e-01
   0     12   4   1   3   0     16   4   1   3   0    2.21600500000000e-01
   0     12   4   1   3   0     18   4   1   3   0    1.25116200000000e-01
   0     12   4   1   3   0     20   4   1   3   0    6.65363800000000e-02
   0     14   4   1   3   0     14   4   1   3   0    2.50924800000000e-01
   0     14   4   1   3   0     16   4   1   3   0    1.55000800000000e-01
   0     14   4   1   3   0     18   4   1   3   0    8.82645100000000e-02
   0     14   4   1   3   0     20   4   1   3   0    4.72485900000000e-02
   0     16   4   1   3   0     16   4   1   3   0    9.65020400000000e-02
   0     16   4   1   3   0     18   4   1   3   0    5.52673700000000e-02
   0     16   4   1   3   0     20   4   1   3   0    2.97139300000000e-02
   0     18   4   1   3   0     18   4   1   3   0    3.17822400000000e-02
   0     18   4   1   3   0     20   4   1   3   0    1.71404900000000e-02
   0     20   4   1   3   0     20   4   1   3   0    9.26561600000000e-03
   0      4   4   1   4   0      4   4   1   4   0    -9.46900500000000e-01
   0      4   4   1   4   0      6   4   1   4   0    -7.19489900000000e-01
   0      4   4   1   4   0      8   4   1   4   0    -1.69652800000000e-01
   0      4   4   1   4   0     10   4   1   4   0    1.80934900000000e-01
   0      4   4   1   4   0     12   4   1   4   0    2.83372500000000e-01
   0      4   4   1   4   0     14   4   1   4   0    2.49451800000000e-01
   0      4   4   1   4   0     16   4   1   4   0    1.75567300000000e-01
   0      4   4   1   4   0     18   4   1   4   0    1.08572400000000e-01
   0      4   4   1   4   0     20   4   1   4   0    6.15341300000000e-02
   0      6   4   1   4   0      6   4   1   4   0    -1.60841600000000e+00
   0      6   4   1   4   0      8   4   1   4   0    -1.42284200000000e+00
   0      6   4   1   4   0     10   4   1   4   0    -8.99618400000000e-01
   0      6   4   1   4   0     12   4   1   4   0    -4.65773300000000e-01
   0      6   4   1   4   0     14   4   1   4   0    -2.06898500000000e-01
   0      6   4   1   4   0     16   4   1   4   0    -7.91615300000000e-02
   0      6   4   1   4   0     18   4   1   4   0    -2.48453500000000e-02
   0      6   4   1   4   0     20   4   1   4   0    -5.02118800000000e-03
   0      8   4   1   4   0      8   4   1   4   0    -1.92720700000000e+00
   0      8   4   1   4   0     10   4   1   4   0    -1.73727700000000e+00
   0      8   4   1   4   0     12   4   1   4   0    -1.27080100000000e+00
   0      8   4   1   4   0     14   4   1   4   0    -8.14849400000000e-01
   0      8   4   1   4   0     16   4   1   4   0    -4.76560400000000e-01
   0      8   4   1   4   0     18   4   1   4   0    -2.60282600000000e-01
   0      8   4   1   4   0     20   4   1   4   0    -1.34807200000000e-01
   0     10   4   1   4   0     10   4   1   4   0    -1.84731000000000e+00
   0     10   4   1   4   0     12   4   1   4   0    -1.49660000000000e+00
   0     10   4   1   4   0     14   4   1   4   0    -1.03004500000000e+00
   0     10   4   1   4   0     16   4   1   4   0    -6.34824800000000e-01
   0     10   4   1   4   0     18   4   1   4   0    -3.61055000000000e-01
   0     10   4   1   4   0     20   4   1   4   0    -1.93143000000000e-01
   0     12   4   1   4   0     12   4   1   4   0    -1.27698100000000e+00
   0     12   4   1   4   0     14   4   1   4   0    -9.07331400000000e-01
   0     12   4   1   4   0     16   4   1   4   0    -5.71451700000000e-01
   0     12   4   1   4   0     18   4   1   4   0    -3.30173300000000e-01
   0     12   4   1   4   0     20   4   1   4   0    -1.78752800000000e-01
   0     14   4   1   4   0     14   4   1   4   0    -6.56644700000000e-01
   0     14   4   1   4   0     16   4   1   4   0    -4.18572500000000e-01
   0     14   4   1   4   0     18   4   1   4   0    -2.43910700000000e-01
   0     14   4   1   4   0     20   4   1   4   0    -1.32892300000000e-01
   0     16   4   1   4   0     16   4   1   4   0    -2.68877900000000e-01
   0     16   4   1   4   0     18   4   1   4   0    -1.57523300000000e-01
   0     16   4   1   4   0     20   4   1   4   0    -8.61652400000000e-02
   0     18   4   1   4   0     18   4   1   4   0    -9.26277500000000e-02
   0     18   4   1   4   0     20   4   1   4   0    -5.08048700000000e-02
   0     20   4   1   4   0     20   4   1   4   0    -2.79207600000000e-02
   0      5   5   1   4   1      5   5   1   4   1    -6.20455400000000e-02
   0      5   5   1   4   1      7   5   1   4   1    -5.08733300000000e-02
   0      5   5   1   4   1      9   5   1   4   1    -1.18591300000000e-02
   0      5   5   1   4   1     11   5   1   4   1    1.62165700000000e-02
   0      5   5   1   4   1     13   5   1   4   1    2.57808200000000e-02
   0      5   5   1   4   1     15   5   1   4   1    2.36368300000000e-02
   0      5   5   1   4   1     17   5   1   4   1    1.73398700000000e-02
   0      5   5   1   4   1     19   5   1   4   1    1.11549600000000e-02
   0      7   5   1   4   1      7   5   1   4   1    -1.20760600000000e-01
   0      7   5   1   4   1      9   5   1   4   1    -1.08490400000000e-01
   0      7   5   1   4   1     11   5   1   4   1    -6.70645800000000e-02
   0      7   5   1   4   1     13   5   1   4   1    -3.20107500000000e-02
   0      7   5   1   4   1     15   5   1   4   1    -1.15684200000000e-02
   0      7   5   1   4   1     17   5   1   4   1    -2.28836800000000e-03
   0      7   5   1   4   1     19   5   1   4   1    8.97532000000000e-04
   0      9   5   1   4   1      9   5   1   4   1    -1.51427700000000e-01
   0      9   5   1   4   1     11   5   1   4   1    -1.40662400000000e-01
   0      9   5   1   4   1     13   5   1   4   1    -1.06022400000000e-01
   0      9   5   1   4   1     15   5   1   4   1    -7.00116100000000e-02
   0      9   5   1   4   1     17   5   1   4   1    -4.21320700000000e-02
   0      9   5   1   4   1     19   5   1   4   1    -2.36542200000000e-02
   0     11   5   1   4   1     11   5   1   4   1    -1.58910800000000e-01
   0     11   5   1   4   1     13   5   1   4   1    -1.35746400000000e-01
   0     11   5   1   4   1     15   5   1   4   1    -9.80023900000000e-02
   0     11   5   1   4   1     17   5   1   4   1    -6.30953900000000e-02
   0     11   5   1   4   1     19   5   1   4   1    -3.73577700000000e-02
   0     13   5   1   4   1     13   5   1   4   1    -1.23478600000000e-01
   0     13   5   1   4   1     15   5   1   4   1    -9.26459500000000e-02
   0     13   5   1   4   1     17   5   1   4   1    -6.12311800000000e-02
   0     13   5   1   4   1     19   5   1   4   1    -3.69516900000000e-02
   0     15   5   1   4   1     15   5   1   4   1    -7.10490100000000e-02
   0     15   5   1   4   1     17   5   1   4   1    -4.76286700000000e-02
   0     15   5   1   4   1     19   5   1   4   1    -2.90314000000000e-02
   0     17   5   1   4   1     17   5   1   4   1    -3.22159300000000e-02
   0     17   5   1   4   1     19   5   1   4   1    -1.97587500000000e-02
   0     19   5   1   4   1     19   5   1   4   1    -1.21698300000000e-02
