     15099
6 6
   1   0   0   1   1   0.00000000
   2   0   1   1   1   1.00000000
   3   0   1   3   1   1.00000000
   4   1   0   1   1   2.00000000
   5   0   2   3   1   2.00000000
   6   0   2   5   1   2.00000000
   1   0   0   1   2   0.00000000
   2   0   1   1   2   1.00000000
   3   0   1   3   2   1.00000000
   4   1   0   1   2   2.00000000
   5   0   2   3   2   2.00000000
   6   0   2   5   2   2.00000000
0 0 0
2.000000e+00 2.000000e+00
2.000000e+00 2.000000e+00 2.000000e+00
6 6 6
32 32 110
  1   1   1   1   0   0 11   -9.5364666e+00
  1   1   1   4   0   0 11   -4.5118737e+00
  1   1   2   2   0   0 11   +2.6049316e+00
  1   1   3   3   0   0 11   +3.6839294e+00
  1   4   1   4   0   0 11   -7.9135861e+00
  1   4   2   2   0   0 11   -9.3697077e-01
  1   4   3   3   0   0 11   -1.3250768e+00
  2   2   2   2   0   0 11   +8.4454000e-02
  2   2   3   3   0   0 11   -5.6554685e+00
  3   3   3   3   0   0 11   -3.9145660e+00
  1   2   1   2   0   0 11   +1.5269200e+00
  1   4   1   4   2   2 11   +2.6970911e-01
  1   4   1   5   2   2 11   +1.4244466e+00
  1   4   2   3   2   2 11   -2.5648036e+00
  1   5   1   5   2   2 11   +2.4866810e+00
  1   5   2   3   2   2 11   -4.1664156e-01
  2   3   2   3   2   2 11   +5.8401185e-01
  1   2   1   2   2   2 11   -4.5650634e-01
  1   2   1   3   2   2 11   -6.4205017e+00
  1   3   1   3   2   2 11   -4.9964867e+00
  1   5   1   5   4   4 11   -5.1608193e-01
  1   5   1   6   4   4 11   -3.6879387e+00
  1   5   2   3   4   4 11   +1.0953062e+00
  1   5   3   3   4   4 11   -3.3844509e+00
  1   6   1   6   4   4 11   -2.0216765e+00
  1   6   2   3   4   4 11   +3.8528986e+00
  1   6   3   3   4   4 11   -5.9339339e-01
  2   3   2   3   4   4 11   -3.5824525e+00
  2   3   3   3   4   4 11   +2.0511944e+00
  3   3   3   3   4   4 11   -2.1320391e+00
  1   3   1   3   4   4 11   -2.2699921e+00
  1   6   1   6   6   6 11   -2.2699921e+00
  1   1   1   1   0   0 22   -9.5364666e+00
  1   1   1   4   0   0 22   -4.5118737e+00
  1   1   2   2   0   0 22   +2.6049316e+00
  1   1   3   3   0   0 22   +3.6839294e+00
  1   4   1   4   0   0 22   -7.9135861e+00
  1   4   2   2   0   0 22   -9.3697077e-01
  1   4   3   3   0   0 22   -1.3250768e+00
  2   2   2   2   0   0 22   +8.4454000e-02
  2   2   3   3   0   0 22   -5.6554685e+00
  3   3   3   3   0   0 22   -3.9145660e+00
  1   2   1   2   0   0 22   +1.5269200e+00
  1   4   1   4   2   2 22   +2.6970911e-01
  1   4   1   5   2   2 22   +1.4244466e+00
  1   4   2   3   2   2 22   -2.5648036e+00
  1   5   1   5   2   2 22   +2.4866810e+00
  1   5   2   3   2   2 22   -4.1664156e-01
  2   3   2   3   2   2 22   +5.8401185e-01
  1   2   1   2   2   2 22   -4.5650634e-01
  1   2   1   3   2   2 22   -6.4205017e+00
  1   3   1   3   2   2 22   -4.9964867e+00
  1   5   1   5   4   4 22   -5.1608193e-01
  1   5   1   6   4   4 22   -3.6879387e+00
  1   5   2   3   4   4 22   +1.0953062e+00
  1   5   3   3   4   4 22   -3.3844509e+00
  1   6   1   6   4   4 22   -2.0216765e+00
  1   6   2   3   4   4 22   +3.8528986e+00
  1   6   3   3   4   4 22   -5.9339339e-01
  2   3   2   3   4   4 22   -3.5824525e+00
  2   3   3   3   4   4 22   +2.0511944e+00
  3   3   3   3   4   4 22   -2.1320391e+00
  1   3   1   3   4   4 22   -2.2699921e+00
  1   6   1   6   6   6 22   -2.2699921e+00
  1   1   1   1   0   0 12   -9.5364666e+00
  1   1   1   4   0   0 12   -3.1903765e+00
  1   1   2   2   0   0 12   +2.6049316e+00
  1   1   3   3   0   0 12   +3.6839294e+00
  1   1   4   1   0   0 12   -3.1903765e+00
  1   4   1   4   0   0 12   +8.5520053e-01
  1   4   2   2   0   0 12   -6.6253841e-01
  1   4   3   3   0   0 12   -9.3697077e-01
  1   4   4   1   0   0 12   -8.7687864e+00
  2   2   2   2   0   0 12   +8.4454000e-02
  2   2   3   3   0   0 12   -5.6554685e+00
  2   2   4   1   0   0 12   -6.6253841e-01
  3   3   3   3   0   0 12   -3.9145660e+00
  3   3   4   1   0   0 12   -9.3697077e-01
  4   1   4   1   0   0 12   +8.5520053e-01
  1   2   1   2   0   0 12   -5.5151248e+00
  1   2   2   1   0   0 12   +7.0420451e+00
  2   1   2   1   0   0 12   -5.5151248e+00
  1   1   1   1   2   2 12   -1.2557170e+01
  1   1   1   4   2   2 12   -4.5630274e+00
  1   1   1   5   2   2 12   +4.6136580e+00
  1   1   2   2   2   2 12   +4.3736668e+00
  1   1   2   3   2   2 12   +5.4980226e+00
  1   1   3   2   2   2 12   -5.4980226e+00
  1   1   3   3   2   2 12   +2.1514311e+00
  1   1   4   1   2   2 12   -4.5630274e+00
  1   1   5   1   2   2 12   -4.6136580e+00
  1   4   1   4   2   2 12   -5.4979739e+00
  1   4   1   5   2   2 12   +1.2160473e+00
  1   4   2   2   2   2 12   +7.8898770e-01
  1   4   2   3   2   2 12   -1.5626941e+00
  1   4   3   2   2   2 12   -1.0021096e+00
  1   4   3   3   2   2 12   -7.4970067e-01
  1   4   4   1   2   2 12   -5.7676830e+00
  1   4   5   1   2   2 12   +2.0839931e-01
  1   5   1   5   2   2 12   -1.7956662e+00
  1   5   2   2   2   2 12   +4.0802126e+00
  1   5   2   3   2   2 12   +7.9792780e-01
  1   5   3   2   2   2 12   -1.2145693e+00
  1   5   3   3   2   2 12   -1.6805369e+00
  1   5   4   1   2   2 12   -2.0839931e-01
  1   5   5   1   2   2 12   +4.2823472e+00
  2   2   2   2   2   2 12   -2.4470122e+00
  2   2   2   3   2   2 12   -2.3369517e+00
  2   2   3   2   2   2 12   +2.3369517e+00
  2   2   3   3   2   2 12   +5.5441370e+00
  2   2   4   1   2   2 12   +7.8898770e-01
  2   2   5   1   2   2 12   -4.0802126e+00
  2   3   2   3   2   2 12   -2.8732166e+00
  2   3   3   2   2   2 12   +3.4572284e+00
  2   3   3   3   2   2 12   -5.6570210e+00
  2   3   4   1   2   2 12   +1.0021096e+00
  2   3   5   1   2   2 12   -1.2145693e+00
  3   2   3   2   2   2 12   -2.8732166e+00
  3   2   3   3   2   2 12   +5.6570210e+00
  3   2   4   1   2   2 12   +1.5626941e+00
  3   2   5   1   2   2 12   +7.9792780e-01
  3   3   3   3   2   2 12   +1.0577736e+00
  3   3   4   1   2   2 12   -7.4970067e-01
  3   3   5   1   2   2 12   +1.6805369e+00
  4   1   4   1   2   2 12   -5.4979739e+00
  4   1   5   1   2   2 12   -1.2160473e+00
  5   1   5   1   2   2 12   -1.7956662e+00
  1   2   1   2   2   2 12   -2.8099787e+00
  1   2   1   3   2   2 12   +2.0178978e+00
  1   2   2   1   2   2 12   -2.3534722e+00
  1   2   3   1   2   2 12   -8.4383993e+00
  1   3   1   3   2   2 12   -1.3831093e+00
  1   3   2   1   2   2 12   +8.4383993e+00
  1   3   3   1   2   2 12   -3.6133773e+00
  2   1   2   1   2   2 12   -2.8099787e+00
  2   1   3   1   2   2 12   -2.0178978e+00
  3   1   3   1   2   2 12   -1.3831093e+00
  1   5   1   5   4   4 12   +1.1740164e-01
  1   5   1   6   4   4 12   +1.7784592e+00
  1   5   2   3   4   4 12   -2.3155096e+00
  1   5   3   2   4   4 12   -3.4108157e+00
  1   5   3   3   4   4 12   -2.3931682e+00
  1   5   5   1   4   4 12   +6.3348359e-01
  1   5   6   1   4   4 12   -5.4663982e+00
  1   6   1   6   4   4 12   +8.4345460e-01
  1   6   2   3   4   4 12   +4.2642117e+00
  1   6   3   2   4   4 12   +4.1131321e-01
  1   6   3   3   4   4 12   -4.1959250e-01
  1   6   5   1   4   4 12   +5.4663982e+00
  1   6   6   1   4   4 12   -2.8651311e+00
  2   3   2   3   4   4 12   -4.3734841e+00
  2   3   3   2   4   4 12   -7.9103172e-01
  2   3   3   3   4   4 12   +1.4504135e+00
  2   3   5   1   4   4 12   -3.4108157e+00
  2   3   6   1   4   4 12   -4.1131321e-01
  3   2   3   2   4   4 12   -4.3734841e+00
  3   2   3   3   4   4 12   -1.4504135e+00
  3   2   5   1   4   4 12   -2.3155096e+00
  3   2   6   1   4   4 12   -4.2642117e+00
  3   3   3   3   4   4 12   -2.1320391e+00
  3   3   5   1   4   4 12   +2.3931682e+00
  3   3   6   1   4   4 12   -4.1959250e-01
  5   1   5   1   4   4 12   +1.1740164e-01
  5   1   6   1   4   4 12   -1.7784592e+00
  6   1   6   1   4   4 12   +8.4345460e-01
  1   3   1   3   4   4 12   -7.4135809e+00
  1   3   3   1   4   4 12   -5.1435890e+00
  3   1   3   1   4   4 12   -7.4135809e+00
  1   6   1   6   6   6 12   -4.3176608e+00
  1   6   3   3   6   6 12   -4.3782921e+00
  1   6   6   1   6   6 12   -2.0476689e+00
  3   3   3   3   6   6 12   -6.3653297e+00
  3   3   6   1   6   6 12   -4.3782921e+00
  6   1   6   1   6   6 12   -4.3176608e+00
